a 14 15 28 29 -118 119 120 0
a 13 14 15 27 28 29 -118 -119 120 0
a 14 15 28 29 40 -41 42 -118 -119 120 0
a 14 15 28 29 52 -53 54 -118 -119 120 0
a 14 15 28 29 63 -64 65 -118 -119 120 0
a 14 15 28 29 73 -74 75 -118 -119 120 0
a 14 15 28 29 82 -83 84 -118 -119 120 0
a 14 15 28 29 90 -91 92 -118 -119 120 0
a 14 15 28 29 97 -98 99 -118 -119 120 0
a 14 15 28 29 103 -104 105 -118 -119 120 0
a 14 15 28 29 108 -109 110 -118 -119 120 0
a 14 15 28 29 112 -113 114 -118 -119 120 0
a 14 15 28 29 115 -116 117 -118 -119 120 0
a 14 15 28 29 118 -119 120 0
a 28 29 41 42 -119 120 0
a 14 15 -28 29 41 42 -119 120 0
a 14 15 -29 41 42 -119 120 0
a 14 15 -29 41 42 -118 119 120 0
a 29 41 42 -118 119 120 0
a 29 53 54 -118 119 120 0
a -1 -29 53 54 -118 119 120 0
a -1 -29 53 54 -118 -119 120 0
a 29 53 54 -118 -119 120 0
a 29 53 54 118 -119 120 0
a -1 -29 53 54 118 -119 120 0
a -53 54 64 65 -119 120 0
a -53 -54 64 65 -119 120 0
a 53 -54 64 65 -119 120 0
a -54 64 65 -118 119 120 0
a -53 54 64 65 -118 119 120 0
a -53 54 74 75 -118 119 120 0
a -54 74 75 -118 119 120 0
a -54 74 75 -118 -119 120 0
a -54 74 75 118 -119 120 0
a -53 54 74 75 -119 120 0
a -53 54 83 84 -119 120 0
a -1 -54 83 84 -119 120 0
a -1 -54 83 84 -118 119 120 0
a -53 54 83 84 -118 119 120 0
a -53 54 91 92 -118 119 120 0
a -1 -54 91 92 -118 119 120 0
a -1 -54 91 92 -119 120 0
a -53 54 91 92 -119 120 0
a -53 54 98 99 -119 120 0
a -1 -54 98 99 -119 120 0
a -1 -54 98 99 -118 119 120 0
a -53 54 98 99 -118 119 120 0
a -53 54 104 105 -118 119 120 0
a -1 -54 104 105 -118 119 120 0
a -1 -54 104 105 -119 120 0
a -53 54 104 105 -119 120 0
a -53 54 109 110 -119 120 0
a -1 -54 109 110 -119 120 0
a -1 109 110 -118 119 120 0
a -1 113 114 -118 119 120 0
a -1 113 114 -118 -119 120 0
a -1 113 114 118 -119 120 0
a 1 29 -53 54 113 114 118 -119 120 0
a 1 29 -53 54 116 117 118 -119 120 0
a -1 116 117 118 -119 120 0
a -1 116 117 -118 -119 120 0
a -1 116 117 -118 119 120 0
a -1 116 117 118 119 120 0
a -1 -116 117 118 119 120 0
a -1 -116 -117 118 119 120 0
a -1 116 -117 118 119 120 0
a 1 29 -53 54 118 119 120 0
a 1 -28 29 53 54 118 119 120 0
a -1 14 15 28 29 -118 119 -120 0
a 14 15 28 29 -119 -120 0
a -1 29 41 42 -119 -120 0
a -1 14 15 -29 41 42 -119 -120 0
a -1 41 42 -118 119 -120 0
a -1 53 54 -118 119 -120 0
a -1 53 54 -118 -119 -120 0
a -1 53 54 118 -119 -120 0
a -1 -53 54 64 65 -119 -120 0
a -1 -54 64 65 -119 -120 0
a -1 64 65 -118 119 -120 0
a -1 74 75 -118 119 -120 0
a -1 74 75 -118 -119 -120 0
a -1 74 75 118 -119 -120 0
a -1 -74 75 83 84 -119 -120 0
a -1 -75 83 84 -119 -120 0
a -1 83 84 -118 119 -120 0
a -1 91 92 -118 119 -120 0
a -1 91 92 -118 -119 -120 0
a -1 91 92 118 -119 -120 0
a -1 -91 92 118 -119 -120 0
a -1 -91 92 -118 -119 -120 0
a -1 -91 -92 -118 -119 -120 0
a -1 -91 -92 118 -119 -120 0
a -1 91 -92 118 -119 -120 0
a -1 91 -92 -118 -119 -120 0
a -1 91 -92 -118 119 -120 0
a -1 91 -92 118 119 -120 0
a -1 -91 -92 118 119 -120 0
a -1 -91 -92 -118 119 -120 0
a -1 -91 92 -118 119 -120 0
a -1 -91 92 118 119 -120 0
a -1 91 92 118 119 -120 0
