a 23 24 46 47 68 69 89 90 109 110 128 129 -300 0
a 23 24 46 47 68 69 89 90 109 110 146 147 -300 0
a 23 24 46 47 68 69 89 90 128 129 146 147 -300 0
a 109 110 128 129 146 147 -300 0
a 129 146 147 163 164 -300 0
a 109 110 -129 146 147 163 164 -300 0
a 109 110 128 129 -146 147 163 164 -300 0
a 109 110 128 129 -147 163 164 -300 0
a 23 24 46 47 68 69 89 90 163 164 -300 0
a 23 24 46 47 68 69 89 90 179 180 -300 0
a 23 24 46 47 68 69 179 180 -300 0
a 23 24 46 47 179 180 -300 0
a 23 24 -46 47 179 180 -300 0
a 23 24 -47 179 180 -300 0
a -23 24 -47 179 180 -300 0
a -23 -24 -47 179 180 -300 0
a 23 -24 -47 179 180 -300 0
a -1 -24 47 179 180 -300 0
a -23 24 47 179 180 -300 0
a 24 47 -179 180 194 195 -300 0
a 24 47 -180 194 195 -300 0
a -1 -24 47 194 195 -300 0
a -1 -24 -47 194 195 -300 0
a -1 24 -47 194 195 -300 0
a 1 24 -47 194 195 -300 0
a 24 -47 -194 195 208 209 -300 0
a 24 -47 -195 208 209 -300 0
a -1 -24 -47 208 209 -300 0
a -1 -24 47 208 209 -300 0
a -1 24 47 208 209 -300 0
a 1 24 47 208 209 -300 0
a 24 47 -208 209 221 222 -300 0
a 24 47 -209 221 222 -300 0
a -1 -2 -24 47 221 222 -300 0
a -1 -2 -24 -47 221 222 -300 0
a -1 24 -47 221 222 -300 0
a 1 24 -47 221 222 -300 0
a 24 -47 -221 222 233 234 -300 0
a 24 -47 -222 233 234 -300 0
a -1 -2 -24 -47 233 234 -300 0
a -1 -2 -24 47 233 234 -300 0
a -1 24 47 233 234 -300 0
a 1 24 47 233 234 -300 0
a 24 47 -233 234 244 245 -300 0
a 24 47 -234 244 245 -300 0
a -1 -2 -24 47 244 245 -300 0
a -1 -2 -24 -47 244 245 -300 0
a -1 24 -47 244 245 -300 0
a 1 24 -47 244 245 -300 0
a -1 24 -47 254 255 -300 0
a -1 -2 -24 -47 254 255 -300 0
a -1 -2 -24 47 254 255 -300 0
a -1 24 47 254 255 -300 0
a 1 24 47 254 255 -300 0
a 1 24 47 263 264 -300 0
a -1 24 47 263 264 -300 0
a -1 -2 -24 47 263 264 -300 0
a -1 -2 -24 -47 263 264 -300 0
a -1 24 -47 263 264 -300 0
a -1 -47 -263 264 271 272 -300 0
a -1 -47 -264 271 272 -300 0
a -1 47 -264 271 272 -300 0
a -1 47 -263 264 271 272 -300 0
a 1 24 47 271 272 -300 0
a 1 24 47 278 279 -300 0
a -1 24 47 278 279 -300 0
a -1 -2 -24 47 278 279 -300 0
a -1 -2 -24 -47 278 279 -300 0
a -1 24 -47 278 279 -300 0
a -1 -47 -278 279 284 285 -300 0
a -1 -47 -279 284 285 -300 0
a -1 47 -279 284 285 -300 0
a -1 47 -278 279 284 285 -300 0
a 1 24 47 284 285 -300 0
a 1 24 47 289 290 -300 0
a -1 24 47 289 290 -300 0
a -1 -2 -24 47 289 290 -300 0
a -1 -2 -24 -47 289 290 -300 0
a -1 24 -47 289 290 -300 0
a -1 -47 -289 290 293 294 -300 0
a -1 -47 -290 293 294 -300 0
a -1 -2 47 -290 293 294 -300 0
a -1 47 -289 290 293 294 -300 0
a 1 24 47 293 294 -300 0
a 1 24 47 296 297 -300 0
a -1 24 47 296 297 -300 0
a -1 -2 -24 47 296 297 -300 0
a -1 -2 -24 -47 296 297 -300 0
a -1 24 -47 296 297 -300 0
a -1 -47 -296 297 298 299 -300 0
a -1 -47 -297 298 299 -300 0
a -1 47 -297 298 299 -300 0
a -1 47 -296 297 298 299 -300 0
a 1 24 47 298 299 -300 0
a 1 24 47 297 299 300 0
a 1 24 47 297 -299 300 0
a 1 24 47 -297 -299 300 0
a 1 2 24 47 -297 299 300 0
a -1 24 47 -297 299 300 0
a -1 24 47 -297 -299 300 0
a -1 24 47 297 -299 300 0
a -1 24 47 297 299 300 0
a -1 -2 -24 47 297 300 0
a -1 -2 -24 47 -297 300 0
a -1 -2 -24 -47 -297 300 0
a -1 -2 -24 -47 297 300 0
a -1 -2 24 -47 297 300 0
a -1 -2 24 -47 -297 300 0
a -1 2 24 -47 -297 300 0
a -1 2 24 -47 297 300 0
