gama1:=rec(
adjacencies := [ [ 2, 3, 4, 5, 6, 7, 8, 9, 10, 11, 12, 13, 14, 15, 16, 23, 24, 25 ], [ 1, 6, 7, 10, 13, 15, 16, 19, 24, 25, 28, 30, 31, 33, 34, 35, 36, 37 ], [ 1, 5, 7, 8, 11, 14, 16, 17, 23, 25, 26, 29, 31, 32, 34, 35, 36, 37 ], [ 1, 5, 6, 9, 12, 14, 15, 18, 23, 24, 27, 29, 30, 32, 33, 35, 36, 37 ], [ 1, 3, 4, 9, 10, 12, 13, 16, 19, 21, 22, 23, 26, 32, 33, 34, 36, 37 ], [ 1, 2, 4, 8, 10, 11, 13, 14, 17, 20, 22, 24, 27, 32, 33, 34, 35, 37 ], [ 1, 2, 3, 8, 9, 11, 12, 15, 18, 20, 21, 25, 28, 32, 33, 34, 35, 36 ], [ 1, 3, 6, 7, 11, 12, 13, 15, 17, 19, 21, 22, 24, 26, 27, 29, 35, 36 ], [ 1, 4, 5, 7, 11, 12, 13, 16, 17, 18, 20, 22, 25, 27, 28, 30, 36, 37 ], [ 1, 2, 5, 6, 11, 12, 13, 14, 18, 19, 20, 21, 23, 26, 28, 31, 35, 37 ], [ 1, 3, 6, 7, 8, 9, 10, 14, 16, 19, 20, 21, 27, 28, 29, 30, 32, 37 ], [ 1, 4, 5, 7, 8, 9, 10, 14, 15, 17, 21, 22, 26, 28, 30, 31, 33, 35 ], [ 1, 2, 5, 6, 8, 9, 10, 15, 16, 18, 20, 22, 26, 27, 29, 31, 34, 36 ], [ 1, 3, 4, 6, 10, 11, 12, 18, 22, 24, 25, 26, 28, 29, 30, 31, 32, 34 ], [ 1, 2, 4, 7, 8, 12, 13, 19, 20, 23, 25, 26, 27, 29, 30, 31, 32, 33 ], [ 1, 2, 3, 5, 9, 11, 13, 17, 21, 23, 24, 27, 28, 29, 30, 31, 33, 34 ], [ 3, 6, 8, 9, 12, 16, 20, 22, 23, 24, 25, 26, 27, 28, 31, 33, 35, 37 ], [ 4, 7, 9, 10, 13, 14, 20, 21, 23, 24, 25, 26, 27, 28, 29, 34, 35, 36 ], [ 2, 5, 8, 10, 11, 15, 21, 22, 23, 24, 25, 26, 27, 28, 30, 32, 36, 37 ], [ 6, 7, 9, 10, 11, 13, 15, 17, 18, 21, 22, 23, 25, 29, 31, 32, 33, 37 ], [ 5, 7, 8, 10, 11, 12, 16, 18, 19, 20, 22, 23, 24, 29, 30, 33, 34, 35 ], [ 5, 6, 8, 9, 12, 13, 14, 17, 19, 20, 21, 24, 25, 30, 31, 32, 34, 36 ], [ 1, 3, 4, 5, 10, 15, 16, 17, 18, 19, 20, 21, 24, 25, 27, 31, 32, 35 ], [ 1, 2, 4, 6, 8, 14, 16, 17, 18, 19, 21, 22, 23, 25, 28, 29, 33, 36 ], [ 1, 2, 3, 7, 9, 14, 15, 17, 18, 19, 20, 22, 23, 24, 26, 30, 34, 37 ], [ 3, 5, 8, 10, 12, 13, 14, 15, 17, 18, 19, 25, 27, 28, 29, 33, 34, 37 ], [ 4, 6, 8, 9, 11, 13, 15, 16, 17, 18, 19, 23, 26, 28, 30, 32, 34, 35 ], [ 2, 7, 9, 10, 11, 12, 14, 16, 17, 18, 19, 24, 26, 27, 31, 32, 33, 36 ], [ 3, 4, 8, 11, 13, 14, 15, 16, 18, 20, 21, 24, 26, 30, 31, 33, 36, 37 ], [ 2, 4, 9, 11, 12, 14, 15, 16, 19, 21, 22, 25, 27, 29, 31, 34, 35, 37 ], [ 2, 3, 10, 12, 13, 14, 15, 16, 17, 20, 22, 23, 28, 29, 30, 32, 35, 36 ], [ 3, 4, 5, 6, 7, 11, 14, 15, 19, 20, 22, 23, 27, 28, 31, 33, 34, 36 ], [ 2, 4, 5, 6, 7, 12, 15, 16, 17, 20, 21, 24, 26, 28, 29, 32, 34, 37 ], [ 2, 3, 5, 6, 7, 13, 14, 16, 18, 21, 22, 25, 26, 27, 30, 32, 33, 35 ], [ 2, 3, 4, 6, 7, 8, 10, 12, 17, 18, 21, 23, 27, 30, 31, 34, 36, 37 ], [ 2, 3, 4, 5, 7, 8, 9, 13, 18, 19, 22, 24, 28, 29, 31, 32, 35, 37 ], [ 2, 3, 4, 5, 6, 9, 10, 11, 17, 19, 20, 25, 26, 29, 30, 33, 35, 36 ] ],
autGroup := Group( [ ( 2, 3, 4)( 5, 6, 7)( 8, 9,10)(11,12,13)(14,15,16)(17,18,19)(20,21,22)(23,24,25)(26,27,28)(29,30,31)(32,33,34)(35,36,37) ] ),
canonicalLabelling := ( 1,35,15,34,26,28,29,16,23,24,13,30,14,12,27,32,33,20,22, 5, 8, 2,36,25, 9, 3, 4,31,11,21,19,17, 6,18,10, 7,37),
group := Group( [ () ] ),
isGraph := true,
isSimple := true,
names := [ 1, 2, 3, 4, 5, 6, 7, 8, 9, 10, 11, 12, 13, 14, 15, 16, 17, 18, 19, 20, 21, 22, 23, 24, 25, 26, 27, 28, 29, 30, 31, 32, 33, 34, 35, 36, 37 ],
order := 37,
representatives := [ 1, 2, 3, 4, 5, 6, 7, 8, 9, 10, 11, 12, 13, 14, 15, 16, 17, 18, 19, 20, 21, 22, 23, 24, 25, 26, 27, 28, 29, 30, 31, 32, 33, 34, 35, 36, 37 ],
schreierVector := [ -1, -2, -3, -4, -5, -6, -7, -8, -9, -10, -11, -12, -13, -14, -15, -16, -17, -18, -19, -20, -21, -22, -23, -24, -25, -26, -27, -28, -29, -30, -31, -32, -33, -34, -35, -36, -37 ] );

gama2:=rec(
adjacencies := [ [ 2, 3, 4, 5, 6, 7, 8, 9, 10, 11, 12, 13, 14, 15, 16, 23, 24, 25 ], [ 1, 6, 7, 10, 13, 15, 16, 19, 24, 25, 28, 30, 31, 33, 34, 35, 36, 37 ], [ 1, 5, 7, 8, 11, 14, 16, 17, 23, 25, 26, 29, 31, 32, 34, 35, 36, 37 ], [ 1, 5, 6, 9, 12, 14, 15, 18, 23, 24, 27, 29, 30, 32, 33, 35, 36, 37 ], [ 1, 3, 4, 9, 10, 11, 13, 16, 17, 21, 22, 24, 27, 32, 33, 34, 36, 37 ], [ 1, 2, 4, 8, 10, 11, 12, 14, 18, 20, 22, 25, 28, 32, 33, 34, 35, 37 ], [ 1, 2, 3, 8, 9, 12, 13, 15, 19, 20, 21, 23, 26, 32, 33, 34, 35, 36 ], [ 1, 3, 6, 7, 11, 12, 13, 15, 17, 18, 21, 22, 25, 26, 27, 30, 35, 37 ], [ 1, 4, 5, 7, 11, 12, 13, 16, 18, 19, 20, 22, 23, 27, 28, 31, 35, 36 ], [ 1, 2, 5, 6, 11, 12, 13, 14, 17, 19, 20, 21, 24, 26, 28, 29, 36, 37 ], [ 1, 3, 5, 6, 8, 9, 10, 14, 15, 19, 21, 22, 27, 28, 29, 31, 34, 35 ], [ 1, 4, 6, 7, 8, 9, 10, 15, 16, 17, 20, 22, 26, 28, 29, 30, 32, 36 ], [ 1, 2, 5, 7, 8, 9, 10, 14, 16, 18, 20, 21, 26, 27, 30, 31, 33, 37 ], [ 1, 3, 4, 6, 10, 11, 13, 19, 20, 23, 25, 26, 27, 29, 30, 31, 32, 33 ], [ 1, 2, 4, 7, 8, 11, 12, 17, 21, 23, 24, 27, 28, 29, 30, 31, 33, 34 ], [ 1, 2, 3, 5, 9, 12, 13, 18, 22, 24, 25, 26, 28, 29, 30, 31, 32, 34 ], [ 3, 5, 8, 10, 12, 15, 20, 22, 23, 24, 25, 26, 27, 28, 31, 33, 36, 37 ], [ 4, 6, 8, 9, 13, 16, 20, 21, 23, 24, 25, 26, 27, 28, 29, 34, 35, 37 ], [ 2, 7, 9, 10, 11, 14, 21, 22, 23, 24, 25, 26, 27, 28, 30, 32, 35, 36 ], [ 6, 7, 9, 10, 12, 13, 14, 17, 18, 21, 22, 23, 25, 29, 31, 33, 34, 36 ], [ 5, 7, 8, 10, 11, 13, 15, 18, 19, 20, 22, 23, 24, 29, 30, 32, 34, 37 ], [ 5, 6, 8, 9, 11, 12, 16, 17, 19, 20, 21, 24, 25, 30, 31, 32, 33, 35 ], [ 1, 3, 4, 7, 9, 14, 15, 17, 18, 19, 20, 21, 24, 25, 28, 31, 32, 37 ], [ 1, 2, 4, 5, 10, 15, 16, 17, 18, 19, 21, 22, 23, 25, 26, 29, 33, 35 ], [ 1, 2, 3, 6, 8, 14, 16, 17, 18, 19, 20, 22, 23, 24, 27, 30, 34, 36 ], [ 3, 7, 8, 10, 12, 13, 14, 16, 17, 18, 19, 24, 27, 28, 29, 32, 33, 35 ], [ 4, 5, 8, 9, 11, 13, 14, 15, 17, 18, 19, 25, 26, 28, 30, 33, 34, 36 ], [ 2, 6, 9, 10, 11, 12, 15, 16, 17, 18, 19, 23, 26, 27, 31, 32, 34, 37 ], [ 3, 4, 10, 11, 12, 14, 15, 16, 18, 20, 21, 24, 26, 30, 31, 34, 35, 36 ], [ 2, 4, 8, 12, 13, 14, 15, 16, 19, 21, 22, 25, 27, 29, 31, 32, 36, 37 ], [ 2, 3, 9, 11, 13, 14, 15, 16, 17, 20, 22, 23, 28, 29, 30, 33, 35, 37 ], [ 3, 4, 5, 6, 7, 12, 14, 16, 19, 21, 22, 23, 26, 28, 30, 33, 34, 37 ], [ 2, 4, 5, 6, 7, 13, 14, 15, 17, 20, 22, 24, 26, 27, 31, 32, 34, 35 ], [ 2, 3, 5, 6, 7, 11, 15, 16, 18, 20, 21, 25, 27, 28, 29, 32, 33, 36 ], [ 2, 3, 4, 6, 7, 8, 9, 11, 18, 19, 22, 24, 26, 29, 31, 33, 36, 37 ], [ 2, 3, 4, 5, 7, 9, 10, 12, 17, 19, 20, 25, 27, 29, 30, 34, 35, 37 ], [ 2, 3, 4, 5, 6, 8, 10, 13, 17, 18, 21, 23, 28, 30, 31, 32, 35, 36 ] ],
autGroup := Group( [ ( 2, 3, 4)( 5, 6, 7)( 8, 9,10)(11,12,13)(14,15,16)(17,18,19)(20,21,22)(23,24,25)(26,27,28)(29,30,31)(32,33,34)(35,36,37) ] ),
canonicalLabelling := ( 1,17,24,30,34, 2,12,23,16,37,21,32,13, 3,15,33,35,11, 5,22)( 4,36,19,27,29,14,25, 9,20)( 6, 8,26, 7,28)(18,31),
group := Group( [ () ] ),
isGraph := true,
isSimple := true,
names := [ 1, 2, 3, 4, 5, 6, 7, 8, 9, 10, 11, 12, 13, 14, 15, 16, 17, 18, 19, 20, 21, 22, 23, 24, 25, 26, 27, 28, 29, 30, 31, 32, 33, 34, 35, 36, 37 ],
order := 37,
representatives := [ 1, 2, 3, 4, 5, 6, 7, 8, 9, 10, 11, 12, 13, 14, 15, 16, 17, 18, 19, 20, 21, 22, 23, 24, 25, 26, 27, 28, 29, 30, 31, 32, 33, 34, 35, 36, 37 ],
schreierVector := [ -1, -2, -3, -4, -5, -6, -7, -8, -9, -10, -11, -12, -13, -14, -15, -16, -17, -18, -19, -20, -21, -22, -23, -24, -25, -26, -27, -28, -29, -30, -31, -32, -33, -34, -35, -36, -37 ] );

gama3:=rec(
adjacencies := [ [ 2, 3, 4, 5, 6, 7, 8, 9, 10, 11, 12, 13, 14, 15, 16, 23, 24, 25 ], [ 1, 6, 7, 10, 13, 15, 16, 19, 24, 25, 28, 30, 31, 33, 34, 35, 36, 37 ], [ 1, 5, 7, 8, 11, 14, 16, 17, 23, 25, 26, 29, 31, 32, 34, 35, 36, 37 ], [ 1, 5, 6, 9, 12, 14, 15, 18, 23, 24, 27, 29, 30, 32, 33, 35, 36, 37 ], [ 1, 3, 4, 9, 10, 11, 13, 14, 19, 21, 22, 24, 26, 32, 33, 34, 36, 37 ], [ 1, 2, 4, 8, 10, 11, 12, 15, 17, 20, 22, 25, 27, 32, 33, 34, 35, 37 ], [ 1, 2, 3, 8, 9, 12, 13, 16, 18, 20, 21, 23, 28, 32, 33, 34, 35, 36 ], [ 1, 3, 6, 7, 11, 12, 13, 15, 17, 19, 21, 22, 23, 26, 27, 30, 35, 36 ], [ 1, 4, 5, 7, 11, 12, 13, 16, 17, 18, 20, 22, 24, 27, 28, 31, 36, 37 ], [ 1, 2, 5, 6, 11, 12, 13, 14, 18, 19, 20, 21, 25, 26, 28, 29, 35, 37 ], [ 1, 3, 5, 6, 8, 9, 10, 15, 16, 18, 20, 21, 26, 27, 30, 31, 34, 37 ], [ 1, 4, 6, 7, 8, 9, 10, 14, 16, 19, 21, 22, 27, 28, 29, 31, 32, 35 ], [ 1, 2, 5, 7, 8, 9, 10, 14, 15, 17, 20, 22, 26, 28, 29, 30, 33, 36 ], [ 1, 3, 4, 5, 10, 12, 13, 17, 21, 23, 25, 27, 28, 29, 30, 31, 33, 34 ], [ 1, 2, 4, 6, 8, 11, 13, 18, 22, 23, 24, 26, 28, 29, 30, 31, 32, 34 ], [ 1, 2, 3, 7, 9, 11, 12, 19, 20, 24, 25, 26, 27, 29, 30, 31, 32, 33 ], [ 3, 6, 8, 9, 13, 14, 20, 22, 23, 24, 25, 26, 27, 28, 31, 33, 35, 37 ], [ 4, 7, 9, 10, 11, 15, 20, 21, 23, 24, 25, 26, 27, 28, 29, 34, 35, 36 ], [ 2, 5, 8, 10, 12, 16, 21, 22, 23, 24, 25, 26, 27, 28, 30, 32, 36, 37 ], [ 6, 7, 9, 10, 11, 13, 16, 17, 18, 21, 22, 23, 25, 29, 30, 32, 33, 37 ], [ 5, 7, 8, 10, 11, 12, 14, 18, 19, 20, 22, 23, 24, 30, 31, 33, 34, 35 ], [ 5, 6, 8, 9, 12, 13, 15, 17, 19, 20, 21, 24, 25, 29, 31, 32, 34, 36 ], [ 1, 3, 4, 7, 8, 14, 15, 17, 18, 19, 20, 21, 24, 25, 28, 30, 32, 37 ], [ 1, 2, 4, 5, 9, 15, 16, 17, 18, 19, 21, 22, 23, 25, 26, 31, 33, 35 ], [ 1, 2, 3, 6, 10, 14, 16, 17, 18, 19, 20, 22, 23, 24, 27, 29, 34, 36 ], [ 3, 5, 8, 10, 11, 13, 15, 16, 17, 18, 19, 24, 27, 28, 29, 32, 33, 35 ], [ 4, 6, 8, 9, 11, 12, 14, 16, 17, 18, 19, 25, 26, 28, 30, 33, 34, 36 ], [ 2, 7, 9, 10, 12, 13, 14, 15, 17, 18, 19, 23, 26, 27, 31, 32, 34, 37 ], [ 3, 4, 10, 12, 13, 14, 15, 16, 18, 20, 22, 25, 26, 30, 31, 32, 35, 36 ], [ 2, 4, 8, 11, 13, 14, 15, 16, 19, 20, 21, 23, 27, 29, 31, 33, 36, 37 ], [ 2, 3, 9, 11, 12, 14, 15, 16, 17, 21, 22, 24, 28, 29, 30, 34, 35, 37 ], [ 3, 4, 5, 6, 7, 12, 15, 16, 19, 20, 22, 23, 26, 28, 29, 33, 34, 37 ], [ 2, 4, 5, 6, 7, 13, 14, 16, 17, 20, 21, 24, 26, 27, 30, 32, 34, 35 ], [ 2, 3, 5, 6, 7, 11, 14, 15, 18, 21, 22, 25, 27, 28, 31, 32, 33, 36 ], [ 2, 3, 4, 6, 7, 8, 10, 12, 17, 18, 21, 24, 26, 29, 31, 33, 36, 37 ], [ 2, 3, 4, 5, 7, 8, 9, 13, 18, 19, 22, 25, 27, 29, 30, 34, 35, 37 ], [ 2, 3, 4, 5, 6, 9, 10, 11, 17, 19, 20, 23, 28, 30, 31, 32, 35, 36 ] ],
autGroup := Group( [ ( 2, 3, 4)( 5, 6, 7)( 8, 9,10)(11,12,13)(14,15,16)(17,18,19)(20,21,22)(23,24,25)(26,27,28)(29,30,31)(32,33,34)(35,36,37) ] ),
canonicalLabelling := ( 1,29, 7,10,31,11,32, 6,25,28)( 2,14,15,20,33, 9,30,24,17,16,22,23, 5,13,18,36)( 8,12,26,27,21,34)(19,35),
group := Group( [ () ] ),
isGraph := true,
isSimple := true,
names := [ 1, 2, 3, 4, 5, 6, 7, 8, 9, 10, 11, 12, 13, 14, 15, 16, 17, 18, 19, 20, 21, 22, 23, 24, 25, 26, 27, 28, 29, 30, 31, 32, 33, 34, 35, 36, 37 ],
order := 37,
representatives := [ 1, 2, 3, 4, 5, 6, 7, 8, 9, 10, 11, 12, 13, 14, 15, 16, 17, 18, 19, 20, 21, 22, 23, 24, 25, 26, 27, 28, 29, 30, 31, 32, 33, 34, 35, 36, 37 ],
schreierVector := [ -1, -2, -3, -4, -5, -6, -7, -8, -9, -10, -11, -12, -13, -14, -15, -16, -17, -18, -19, -20, -21, -22, -23, -24, -25, -26, -27, -28, -29, -30, -31, -32, -33, -34, -35, -36, -37 ] );

gama4:=rec(
adjacencies := [ [ 2, 3, 4, 5, 6, 7, 8, 9, 10, 11, 12, 13, 17, 18, 19, 20, 21, 22 ], [ 1, 6, 7, 10, 12, 13, 15, 16, 18, 19, 22, 25, 28, 33, 34, 35, 36, 37 ], [ 1, 5, 7, 8, 11, 13, 14, 16, 17, 19, 20, 23, 26, 32, 34, 35, 36, 37 ], [ 1, 5, 6, 9, 11, 12, 14, 15, 17, 18, 21, 24, 27, 32, 33, 35, 36, 37 ], [ 1, 3, 4, 9, 10, 13, 15, 16, 19, 20, 21, 26, 27, 28, 31, 32, 33, 37 ], [ 1, 2, 4, 8, 10, 11, 14, 16, 17, 21, 22, 26, 27, 28, 29, 33, 34, 35 ], [ 1, 2, 3, 8, 9, 12, 14, 15, 18, 20, 22, 26, 27, 28, 30, 32, 34, 36 ], [ 1, 3, 6, 7, 11, 12, 14, 15, 19, 20, 21, 23, 24, 25, 26, 28, 29, 33 ], [ 1, 4, 5, 7, 12, 13, 15, 16, 17, 21, 22, 23, 24, 25, 26, 27, 30, 34 ], [ 1, 2, 5, 6, 11, 13, 14, 16, 18, 20, 22, 23, 24, 25, 27, 28, 31, 32 ], [ 1, 3, 4, 6, 8, 10, 15, 16, 17, 18, 19, 23, 25, 27, 29, 30, 32, 36 ], [ 1, 2, 4, 7, 8, 9, 14, 16, 17, 18, 19, 23, 24, 28, 30, 31, 33, 37 ], [ 1, 2, 3, 5, 9, 10, 14, 15, 17, 18, 19, 24, 25, 26, 29, 31, 34, 35 ], [ 3, 4, 6, 7, 8, 10, 12, 13, 18, 23, 24, 26, 27, 31, 32, 33, 34, 35 ], [ 2, 4, 5, 7, 8, 9, 11, 13, 19, 24, 25, 27, 28, 29, 32, 33, 34, 36 ], [ 2, 3, 5, 6, 9, 10, 11, 12, 17, 23, 25, 26, 28, 30, 32, 33, 34, 37 ], [ 1, 3, 4, 6, 9, 11, 12, 13, 16, 20, 24, 28, 29, 30, 31, 34, 35, 36 ], [ 1, 2, 4, 7, 10, 11, 12, 13, 14, 21, 25, 26, 29, 30, 31, 32, 36, 37 ], [ 1, 2, 3, 5, 8, 11, 12, 13, 15, 22, 23, 27, 29, 30, 31, 33, 35, 37 ], [ 1, 3, 5, 7, 8, 10, 17, 21, 22, 24, 25, 28, 30, 31, 32, 33, 35, 36 ], [ 1, 4, 5, 6, 8, 9, 18, 20, 22, 23, 25, 26, 29, 31, 33, 34, 36, 37 ], [ 1, 2, 6, 7, 9, 10, 19, 20, 21, 23, 24, 27, 29, 30, 32, 34, 35, 37 ], [ 3, 8, 9, 10, 11, 12, 14, 16, 19, 21, 22, 24, 25, 27, 31, 34, 36, 37 ], [ 4, 8, 9, 10, 12, 13, 14, 15, 17, 20, 22, 23, 25, 28, 29, 32, 35, 37 ], [ 2, 8, 9, 10, 11, 13, 15, 16, 18, 20, 21, 23, 24, 26, 30, 33, 35, 36 ], [ 3, 5, 6, 7, 8, 9, 13, 14, 16, 18, 21, 25, 27, 28, 29, 30, 35, 37 ], [ 4, 5, 6, 7, 9, 10, 11, 14, 15, 19, 22, 23, 26, 28, 30, 31, 35, 36 ], [ 2, 5, 6, 7, 8, 10, 12, 15, 16, 17, 20, 24, 26, 27, 29, 31, 36, 37 ], [ 6, 8, 11, 13, 15, 17, 18, 19, 21, 22, 24, 26, 28, 30, 31, 32, 34, 37 ], [ 7, 9, 11, 12, 16, 17, 18, 19, 20, 22, 25, 26, 27, 29, 31, 32, 33, 35 ], [ 5, 10, 12, 13, 14, 17, 18, 19, 20, 21, 23, 27, 28, 29, 30, 33, 34, 36 ], [ 3, 4, 5, 7, 10, 11, 14, 15, 16, 18, 20, 22, 24, 29, 30, 33, 34, 37 ], [ 2, 4, 5, 6, 8, 12, 14, 15, 16, 19, 20, 21, 25, 30, 31, 32, 34, 35 ], [ 2, 3, 6, 7, 9, 13, 14, 15, 16, 17, 21, 22, 23, 29, 31, 32, 33, 36 ], [ 2, 3, 4, 6, 13, 14, 17, 19, 20, 22, 24, 25, 26, 27, 30, 33, 36, 37 ], [ 2, 3, 4, 7, 11, 15, 17, 18, 20, 21, 23, 25, 27, 28, 31, 34, 35, 37 ], [ 2, 3, 4, 5, 12, 16, 18, 19, 21, 22, 23, 24, 26, 28, 29, 32, 35, 36 ] ],
autGroup := Group( [ ( 2, 3, 4)( 5, 6, 7)( 8, 9,10)(11,12,13)(14,15,16)(17,18,19)(20,21,22)(23,24,25)(26,27,28)(29,30,31)(32,33,34)(35,36,37) ] ),
canonicalLabelling := ( 1, 2,16,36,14,13)( 3,25,32, 4,37, 8,33,31,29,27, 5,34,24,17,18,35,21,11,19,15,22, 9, 6,12, 7,10,28,23,30,20),
group := Group( [ () ] ),
isGraph := true,
isSimple := true,
names := [ 1, 2, 3, 4, 5, 6, 7, 8, 9, 10, 11, 12, 13, 14, 15, 16, 17, 18, 19, 20, 21, 22, 23, 24, 25, 26, 27, 28, 29, 30, 31, 32, 33, 34, 35, 36, 37 ],
order := 37,
representatives := [ 1, 2, 3, 4, 5, 6, 7, 8, 9, 10, 11, 12, 13, 14, 15, 16, 17, 18, 19, 20, 21, 22, 23, 24, 25, 26, 27, 28, 29, 30, 31, 32, 33, 34, 35, 36, 37 ],
schreierVector := [ -1, -2, -3, -4, -5, -6, -7, -8, -9, -10, -11, -12, -13, -14, -15, -16, -17, -18, -19, -20, -21, -22, -23, -24, -25, -26, -27, -28, -29, -30, -31, -32, -33, -34, -35, -36, -37 ] );

gama5:=rec(
adjacencies := [ [ 2, 3, 4, 5, 6, 7, 8, 9, 10, 11, 12, 13, 17, 18, 19, 20, 21, 22 ], [ 1, 6, 7, 10, 12, 13, 15, 16, 18, 19, 22, 25, 28, 33, 34, 35, 36, 37 ], [ 1, 5, 7, 8, 11, 13, 14, 16, 17, 19, 20, 23, 26, 32, 34, 35, 36, 37 ], [ 1, 5, 6, 9, 11, 12, 14, 15, 17, 18, 21, 24, 27, 32, 33, 35, 36, 37 ], [ 1, 3, 4, 9, 10, 12, 14, 15, 19, 20, 22, 26, 27, 28, 31, 32, 34, 37 ], [ 1, 2, 4, 8, 10, 13, 15, 16, 17, 20, 21, 26, 27, 28, 29, 32, 33, 35 ], [ 1, 2, 3, 8, 9, 11, 14, 16, 18, 21, 22, 26, 27, 28, 30, 33, 34, 36 ], [ 1, 3, 6, 7, 12, 13, 14, 15, 19, 20, 21, 23, 24, 25, 26, 27, 30, 33 ], [ 1, 4, 5, 7, 11, 13, 15, 16, 17, 21, 22, 23, 24, 25, 27, 28, 31, 34 ], [ 1, 2, 5, 6, 11, 12, 14, 16, 18, 20, 22, 23, 24, 25, 26, 28, 29, 32 ], [ 1, 3, 4, 7, 9, 10, 15, 16, 17, 18, 19, 24, 25, 26, 29, 30, 32, 36 ], [ 1, 2, 4, 5, 8, 10, 14, 16, 17, 18, 19, 23, 25, 27, 30, 31, 33, 37 ], [ 1, 2, 3, 6, 8, 9, 14, 15, 17, 18, 19, 23, 24, 28, 29, 31, 34, 35 ], [ 3, 4, 5, 7, 8, 10, 12, 13, 18, 23, 24, 27, 28, 29, 32, 33, 34, 36 ], [ 2, 4, 5, 6, 8, 9, 11, 13, 19, 24, 25, 26, 28, 30, 32, 33, 34, 37 ], [ 2, 3, 6, 7, 9, 10, 11, 12, 17, 23, 25, 26, 27, 31, 32, 33, 34, 35 ], [ 1, 3, 4, 6, 9, 11, 12, 13, 16, 20, 23, 28, 29, 30, 31, 33, 36, 37 ], [ 1, 2, 4, 7, 10, 11, 12, 13, 14, 21, 24, 26, 29, 30, 31, 34, 35, 37 ], [ 1, 2, 3, 5, 8, 11, 12, 13, 15, 22, 25, 27, 29, 30, 31, 32, 35, 36 ], [ 1, 3, 5, 6, 8, 10, 17, 21, 22, 24, 25, 26, 29, 31, 33, 34, 36, 37 ], [ 1, 4, 6, 7, 8, 9, 18, 20, 22, 23, 25, 27, 29, 30, 32, 34, 35, 37 ], [ 1, 2, 5, 7, 9, 10, 19, 20, 21, 23, 24, 28, 30, 31, 32, 33, 35, 36 ], [ 3, 8, 9, 10, 12, 13, 14, 16, 17, 21, 22, 24, 25, 28, 30, 32, 35, 37 ], [ 4, 8, 9, 10, 11, 13, 14, 15, 18, 20, 22, 23, 25, 26, 31, 33, 35, 36 ], [ 2, 8, 9, 10, 11, 12, 15, 16, 19, 20, 21, 23, 24, 27, 29, 34, 36, 37 ], [ 3, 5, 6, 7, 8, 10, 11, 15, 16, 18, 20, 24, 27, 28, 30, 31, 35, 37 ], [ 4, 5, 6, 7, 8, 9, 12, 14, 16, 19, 21, 25, 26, 28, 29, 31, 35, 36 ], [ 2, 5, 6, 7, 9, 10, 13, 14, 15, 17, 22, 23, 26, 27, 29, 30, 36, 37 ], [ 6, 10, 11, 13, 14, 17, 18, 19, 20, 21, 25, 27, 28, 30, 31, 32, 34, 36 ], [ 7, 8, 11, 12, 15, 17, 18, 19, 21, 22, 23, 26, 28, 29, 31, 32, 33, 37 ], [ 5, 9, 12, 13, 16, 17, 18, 19, 20, 22, 24, 26, 27, 29, 30, 33, 34, 35 ], [ 3, 4, 5, 6, 10, 11, 14, 15, 16, 19, 21, 22, 23, 29, 30, 33, 34, 35 ], [ 2, 4, 6, 7, 8, 12, 14, 15, 16, 17, 20, 22, 24, 30, 31, 32, 34, 36 ], [ 2, 3, 5, 7, 9, 13, 14, 15, 16, 18, 20, 21, 25, 29, 31, 32, 33, 37 ], [ 2, 3, 4, 6, 13, 16, 18, 19, 21, 22, 23, 24, 26, 27, 31, 32, 36, 37 ], [ 2, 3, 4, 7, 11, 14, 17, 19, 20, 22, 24, 25, 27, 28, 29, 33, 35, 37 ], [ 2, 3, 4, 5, 12, 15, 17, 18, 20, 21, 23, 25, 26, 28, 30, 34, 35, 36 ] ],
autGroup := Group( [ ( 2, 3, 4)( 5, 6, 7)( 8, 9,10)(11,12,13)(14,15,16)(17,18,19)(20,21,22)(23,24,25)(26,27,28)(29,30,31)(32,33,34)(35,36,37) ] ),
canonicalLabelling := ( 1, 5, 3,15,10,22,36,33, 7,12,28,35,21,29,24, 2,19, 4,27, 8,31, 6,32,23,11,37,16,20,25,13,34,17,14,26,30,18, 9),
group := Group( [ () ] ),
isGraph := true,
isSimple := true,
names := [ 1, 2, 3, 4, 5, 6, 7, 8, 9, 10, 11, 12, 13, 14, 15, 16, 17, 18, 19, 20, 21, 22, 23, 24, 25, 26, 27, 28, 29, 30, 31, 32, 33, 34, 35, 36, 37 ],
order := 37,
representatives := [ 1, 2, 3, 4, 5, 6, 7, 8, 9, 10, 11, 12, 13, 14, 15, 16, 17, 18, 19, 20, 21, 22, 23, 24, 25, 26, 27, 28, 29, 30, 31, 32, 33, 34, 35, 36, 37 ],
schreierVector := [ -1, -2, -3, -4, -5, -6, -7, -8, -9, -10, -11, -12, -13, -14, -15, -16, -17, -18, -19, -20, -21, -22, -23, -24, -25, -26, -27, -28, -29, -30, -31, -32, -33, -34, -35, -36, -37 ] );

gama6:=rec(
adjacencies := [ [ 2, 3, 4, 5, 6, 7, 8, 9, 10, 11, 12, 13, 17, 18, 19, 20, 21, 22 ], [ 1, 6, 7, 10, 12, 13, 15, 16, 18, 19, 22, 25, 28, 33, 34, 35, 36, 37 ], [ 1, 5, 7, 8, 11, 13, 14, 16, 17, 19, 20, 23, 26, 32, 34, 35, 36, 37 ], [ 1, 5, 6, 9, 11, 12, 14, 15, 17, 18, 21, 24, 27, 32, 33, 35, 36, 37 ], [ 1, 3, 4, 8, 9, 13, 15, 16, 18, 21, 22, 26, 27, 28, 31, 32, 34, 37 ], [ 1, 2, 4, 9, 10, 11, 14, 16, 19, 20, 22, 26, 27, 28, 29, 32, 33, 35 ], [ 1, 2, 3, 8, 10, 12, 14, 15, 17, 20, 21, 26, 27, 28, 30, 33, 34, 36 ], [ 1, 3, 5, 7, 11, 12, 15, 16, 19, 21, 22, 23, 24, 25, 26, 27, 29, 33 ], [ 1, 4, 5, 6, 12, 13, 14, 16, 17, 20, 22, 23, 24, 25, 27, 28, 30, 34 ], [ 1, 2, 6, 7, 11, 13, 14, 15, 18, 20, 21, 23, 24, 25, 26, 28, 31, 32 ], [ 1, 3, 4, 6, 8, 10, 15, 16, 17, 18, 19, 23, 24, 28, 29, 30, 32, 36 ], [ 1, 2, 4, 7, 8, 9, 14, 16, 17, 18, 19, 24, 25, 26, 30, 31, 33, 37 ], [ 1, 2, 3, 5, 9, 10, 14, 15, 17, 18, 19, 23, 25, 27, 29, 31, 34, 35 ], [ 3, 4, 6, 7, 9, 10, 12, 13, 19, 23, 24, 26, 27, 31, 32, 33, 34, 36 ], [ 2, 4, 5, 7, 8, 10, 11, 13, 17, 24, 25, 27, 28, 29, 32, 33, 34, 37 ], [ 2, 3, 5, 6, 8, 9, 11, 12, 18, 23, 25, 26, 28, 30, 32, 33, 34, 35 ], [ 1, 3, 4, 7, 9, 11, 12, 13, 15, 20, 23, 28, 29, 30, 31, 33, 35, 37 ], [ 1, 2, 4, 5, 10, 11, 12, 13, 16, 21, 24, 26, 29, 30, 31, 34, 35, 36 ], [ 1, 2, 3, 6, 8, 11, 12, 13, 14, 22, 25, 27, 29, 30, 31, 32, 36, 37 ], [ 1, 3, 6, 7, 9, 10, 17, 21, 22, 24, 25, 26, 29, 30, 32, 34, 35, 37 ], [ 1, 4, 5, 7, 8, 10, 18, 20, 22, 23, 25, 27, 30, 31, 32, 33, 35, 36 ], [ 1, 2, 5, 6, 8, 9, 19, 20, 21, 23, 24, 28, 29, 31, 33, 34, 36, 37 ], [ 3, 8, 9, 10, 11, 13, 14, 16, 17, 21, 22, 24, 25, 28, 31, 33, 35, 36 ], [ 4, 8, 9, 10, 11, 12, 14, 15, 18, 20, 22, 23, 25, 26, 29, 34, 36, 37 ], [ 2, 8, 9, 10, 12, 13, 15, 16, 19, 20, 21, 23, 24, 27, 30, 32, 35, 37 ], [ 3, 5, 6, 7, 8, 10, 12, 14, 16, 18, 20, 24, 27, 28, 29, 31, 35, 37 ], [ 4, 5, 6, 7, 8, 9, 13, 14, 15, 19, 21, 25, 26, 28, 29, 30, 35, 36 ], [ 2, 5, 6, 7, 9, 10, 11, 15, 16, 17, 22, 23, 26, 27, 30, 31, 36, 37 ], [ 6, 8, 11, 13, 15, 17, 18, 19, 20, 22, 24, 26, 27, 30, 31, 33, 34, 35 ], [ 7, 9, 11, 12, 16, 17, 18, 19, 20, 21, 25, 27, 28, 29, 31, 32, 34, 36 ], [ 5, 10, 12, 13, 14, 17, 18, 19, 21, 22, 23, 26, 28, 29, 30, 32, 33, 37 ], [ 3, 4, 5, 6, 10, 11, 14, 15, 16, 19, 20, 21, 25, 30, 31, 33, 34, 37 ], [ 2, 4, 6, 7, 8, 12, 14, 15, 16, 17, 21, 22, 23, 29, 31, 32, 34, 35 ], [ 2, 3, 5, 7, 9, 13, 14, 15, 16, 18, 20, 22, 24, 29, 30, 32, 33, 36 ], [ 2, 3, 4, 6, 13, 16, 17, 18, 20, 21, 23, 25, 26, 27, 29, 33, 36, 37 ], [ 2, 3, 4, 7, 11, 14, 18, 19, 21, 22, 23, 24, 27, 28, 30, 34, 35, 37 ], [ 2, 3, 4, 5, 12, 15, 17, 19, 20, 22, 24, 25, 26, 28, 31, 32, 35, 36 ] ],
autGroup := Group( [ ( 2, 3, 4)( 5, 6, 7)( 8, 9,10)(11,12,13)(14,15,16)(17,18,19)(20,21,22)(23,24,25)(26,27,28)(29,30,31)(32,33,34)(35,36,37) ] ),
canonicalLabelling := ( 1,29, 4,19,26, 9, 6,24)( 2,22,36,14,13,27,21, 5, 8,20,28,23,37,32, 7,34, 3,31,25)(10,33)(11,17,15,35,12,18)(16,30),
group := Group( [ () ] ),
isGraph := true,
isSimple := true,
names := [ 1, 2, 3, 4, 5, 6, 7, 8, 9, 10, 11, 12, 13, 14, 15, 16, 17, 18, 19, 20, 21, 22, 23, 24, 25, 26, 27, 28, 29, 30, 31, 32, 33, 34, 35, 36, 37 ],
order := 37,
representatives := [ 1, 2, 3, 4, 5, 6, 7, 8, 9, 10, 11, 12, 13, 14, 15, 16, 17, 18, 19, 20, 21, 22, 23, 24, 25, 26, 27, 28, 29, 30, 31, 32, 33, 34, 35, 36, 37 ],
schreierVector := [ -1, -2, -3, -4, -5, -6, -7, -8, -9, -10, -11, -12, -13, -14, -15, -16, -17, -18, -19, -20, -21, -22, -23, -24, -25, -26, -27, -28, -29, -30, -31, -32, -33, -34, -35, -36, -37 ] );
