a 27 28 54 55 80 81 105 106 129 130 152 153 174 175 -406 0
a 27 28 54 55 80 81 105 106 129 130 152 153 195 196 -406 0
a 27 28 54 55 80 81 105 106 129 130 174 175 195 196 -406 0
a 27 28 54 55 80 81 105 106 152 153 174 175 195 196 -406 0
a 27 28 54 55 80 81 129 130 152 153 174 175 195 196 -406 0
a 27 28 54 55 105 106 129 130 152 153 174 175 195 196 -406 0
a 27 28 80 81 105 106 129 130 152 153 174 175 195 196 -406 0
a 54 55 80 81 105 106 129 130 152 153 174 175 195 196 -406 0
a 81 105 106 129 130 152 153 174 175 195 196 215 216 -406 0
a 54 55 -81 105 106 129 130 152 153 174 175 195 196 215 216 -406 0
a -1 54 55 80 81 -105 106 129 130 152 153 174 175 195 196 215 216 -406 0
a 54 55 80 81 -106 129 130 152 153 174 175 195 196 215 216 -406 0
a 54 55 80 81 105 106 -129 130 152 153 174 175 195 196 215 216 -406 0
a 54 55 80 81 105 106 -130 152 153 174 175 195 196 215 216 -406 0
a 54 55 80 81 105 106 129 130 -152 153 174 175 195 196 215 216 -406 0
a 54 55 80 81 105 106 129 130 -153 174 175 195 196 215 216 -406 0
a 54 55 80 81 105 106 129 130 152 153 -174 175 195 196 215 216 -406 0
a 54 55 80 81 105 106 129 130 152 153 -175 195 196 215 216 -406 0
a 54 55 80 81 105 106 129 130 152 153 174 175 -195 196 215 216 -406 0
a 54 55 80 81 105 106 129 130 152 153 174 175 -196 215 216 -406 0
a 27 28 54 55 80 81 106 130 153 175 -196 215 216 -406 0
a 27 28 54 55 -80 81 105 106 129 130 152 153 174 175 -196 215 216 -406 0
a 27 28 80 81 105 106 129 130 152 153 174 175 -196 215 216 -406 0
a 27 28 54 55 -81 105 106 129 130 152 153 174 175 -196 215 216 -406 0
a 27 28 54 55 80 81 -106 129 130 152 153 174 175 -196 215 216 -406 0
a 27 28 54 55 80 81 105 106 -130 152 153 174 175 -196 215 216 -406 0
a 27 28 54 55 80 81 105 106 129 130 -153 174 175 -196 215 216 -406 0
a 27 28 54 55 80 81 105 106 129 130 152 153 -175 -196 215 216 -406 0
a -1 27 28 54 55 81 106 130 153 -175 196 215 216 -406 0
a -1 27 28 80 81 105 106 129 130 152 153 -175 195 196 215 216 -406 0
a -1 27 28 54 55 -81 105 106 129 130 152 153 -175 195 196 215 216 -406 0
a -1 27 28 54 55 80 81 -106 129 130 152 153 -175 195 196 215 216 -406 0
a -1 27 28 54 55 80 81 105 106 -130 152 153 -175 195 196 215 216 -406 0
a -1 27 28 54 55 80 81 105 106 129 130 -153 -175 195 196 215 216 -406 0
a -1 27 28 54 55 81 106 130 -153 175 196 215 216 -406 0
a 1 27 28 54 55 81 105 106 130 -153 175 196 215 216 -406 0
a 27 28 80 81 105 106 129 130 -153 174 175 195 196 215 216 -406 0
a 27 28 54 55 -81 105 106 129 130 -153 174 175 195 196 215 216 -406 0
a 27 28 54 55 80 81 -106 129 130 -153 174 175 195 196 215 216 -406 0
a 27 28 54 55 80 81 105 106 -130 -153 174 175 195 196 215 216 -406 0
a 27 28 54 55 80 81 106 -130 153 175 196 215 216 -406 0
a 27 28 54 55 -80 81 105 106 -130 152 153 174 175 195 196 215 216 -406 0
a 27 28 80 81 105 106 -130 152 153 174 175 195 196 215 216 -406 0
a 27 28 54 55 -80 -81 105 106 -130 152 153 174 175 195 196 215 216 -406 0
a 27 28 54 55 80 81 -106 -130 152 153 174 175 195 196 215 216 -406 0
a 27 28 54 55 80 81 -106 130 153 175 196 215 216 -406 0
a 27 28 54 55 -80 81 -106 129 130 152 153 174 175 195 196 215 216 -406 0
a 27 28 80 81 -106 129 130 152 153 174 175 195 196 215 216 -406 0
a 27 28 54 55 -80 -81 -106 129 130 152 153 174 175 195 196 215 216 -406 0
a 27 28 54 55 -80 -81 106 130 153 175 196 215 216 -406 0
a 27 28 -81 105 106 129 130 152 153 174 175 195 196 215 216 -406 0
a 27 28 54 55 -80 81 106 130 153 175 196 215 216 -406 0
a 27 28 54 55 80 81 106 130 153 175 196 215 216 -406 0
a 27 28 -54 55 80 81 106 130 153 175 196 215 216 -406 0
a 27 28 -54 -55 80 81 106 130 153 175 196 215 216 -406 0
a 27 28 54 -55 80 81 106 130 153 175 196 215 216 -406 0
a -1 27 28 81 106 130 153 175 196 215 216 234 235 -406 0
a -1 -27 28 81 106 130 153 175 196 215 216 234 235 -406 0
a -1 -27 -28 81 106 130 153 175 196 215 216 234 235 -406 0
a -1 27 -28 81 106 130 153 175 196 215 216 234 235 -406 0
a -1 27 -28 81 106 130 153 175 196 -215 216 234 235 -406 0
a -1 -27 -28 81 106 130 153 175 196 -215 216 234 235 -406 0
a -1 -27 28 81 106 130 153 175 196 -215 216 234 235 -406 0
a -1 27 28 81 106 130 153 175 196 -215 216 234 235 -406 0
a -1 27 28 81 106 130 153 175 196 -215 -216 234 235 -406 0
a -1 -27 28 81 106 130 153 175 196 -215 -216 234 235 -406 0
a -1 -27 -28 81 106 130 153 175 196 -215 -216 234 235 -406 0
a -1 27 -28 81 106 130 153 175 196 -215 -216 234 235 -406 0
a -1 27 -28 81 106 130 153 175 196 215 -216 234 235 -406 0
a -1 -27 -28 81 106 130 153 175 196 215 -216 234 235 -406 0
a -1 -27 28 81 106 130 153 175 196 215 -216 234 235 -406 0
a -1 -2 27 28 81 106 130 153 175 196 215 -216 234 235 -406 0
a -1 -2 28 -81 106 130 153 175 196 215 -216 234 235 -406 0
a -1 -2 -28 54 55 -81 105 106 129 130 152 153 174 175 195 196 215 -216 234 235 -406 0
a -1 -2 -28 54 55 -81 105 106 129 130 152 153 174 175 195 196 -215 -216 234 235 -406 0
a -1 -2 28 -81 106 130 153 175 196 -215 -216 234 235 -406 0
a -1 -2 28 -81 106 130 153 175 196 -215 216 234 235 -406 0
a -1 2 28 -81 106 130 153 175 196 -215 216 234 235 -406 0
a -1 -28 54 55 -81 105 106 129 130 152 153 174 175 195 196 -215 216 234 235 -406 0
a -1 -28 54 55 -81 106 130 153 175 196 215 216 234 235 -406 0
a -1 -28 -81 105 106 129 130 152 153 174 175 195 196 215 216 234 235 -406 0
a -1 -27 28 -81 105 106 129 130 152 153 174 175 195 196 215 216 234 235 -406 0
a -1 27 28 -81 106 130 153 175 196 215 216 234 235 -406 0
a -1 -27 28 54 55 -81 106 130 153 175 196 215 216 234 235 -406 0
a -1 54 55 -81 -106 130 153 175 196 215 216 234 235 -406 0
a -1 27 28 54 55 -80 -81 -106 129 130 152 153 174 175 195 196 -215 216 234 235 -406 0
a -1 -2 27 28 54 55 -80 -81 -105 -106 129 130 152 153 174 175 195 196 -216 234 235 -406 0
a -1 27 28 -81 -106 129 130 152 153 174 175 195 196 215 216 234 235 -406 0
a -1 27 28 -80 81 -106 129 130 152 153 174 175 195 196 215 216 234 235 -406 0
a -1 27 28 80 81 -106 130 153 175 196 216 234 235 -406 0
a -1 -27 28 80 81 -106 129 130 152 153 174 175 195 196 215 216 234 235 -406 0
a -1 -28 80 81 -106 129 130 152 153 174 175 195 196 215 216 234 235 -406 0
a -1 -2 27 28 80 81 -106 129 130 152 153 174 175 195 196 -216 234 235 -406 0
a -1 -2 54 55 81 -106 130 153 175 196 -216 234 235 -406 0
a -1 -2 54 55 81 -106 130 153 175 196 216 234 235 -406 0
a -1 2 54 55 81 -106 130 153 175 196 216 234 235 -406 0
a -1 2 54 55 81 -106 -130 153 175 196 216 234 235 -406 0
a -1 -2 54 55 81 -106 -130 153 175 196 216 234 235 -406 0
a -1 27 28 -54 55 80 81 -106 -130 152 153 174 175 195 196 215 216 234 235 -406 0
a -1 27 28 -55 80 81 -106 -130 152 153 174 175 195 196 215 216 234 235 -406 0
a -1 -2 27 28 54 55 80 81 -106 -130 152 153 174 175 195 196 -216 234 235 -406 0
a -1 -2 54 55 81 106 -130 153 175 196 -216 234 235 -406 0
a -1 -2 27 28 -54 55 80 81 105 106 -130 152 153 174 175 195 196 -216 234 235 -406 0
a -1 -2 -54 55 81 106 -130 153 175 196 -216 234 235 -406 0
a -1 -2 -54 -55 81 106 -130 153 175 196 -216 234 235 -406 0
a -1 -2 54 -55 81 106 -130 153 175 196 -216 234 235 -406 0
a -1 -2 54 -55 81 106 -130 153 175 196 -216 -234 235 -406 0
a -1 -2 -54 -55 81 106 -130 153 175 196 -216 -234 235 -406 0
a -1 -2 -54 55 81 106 -130 153 175 196 -216 -234 235 -406 0
a -1 -2 54 55 81 106 -130 153 175 196 -216 -234 235 -406 0
a -1 -2 54 55 81 106 -130 153 175 196 -216 -234 -235 -406 0
a -1 -2 -54 55 81 106 -130 153 175 196 -216 -234 -235 -406 0
a -1 -2 -54 -55 81 106 -130 153 175 196 -216 -234 -235 -406 0
a -1 -2 -3 54 -55 81 106 -130 153 175 196 -216 -234 -235 -406 0
a -1 -2 -3 -55 81 106 -130 153 175 196 -216 234 -235 -406 0
a -1 -2 -3 55 81 106 -130 153 175 196 -216 234 -235 -406 0
a -1 -2 3 55 81 106 -130 153 175 196 -216 234 -235 -406 0
a -1 -2 3 55 81 106 -130 153 175 196 216 234 -235 -406 0
a -1 -2 -3 55 81 106 -130 153 175 196 216 234 -235 -406 0
a -1 -2 -3 -55 81 106 -130 153 175 196 216 234 -235 -406 0
a -1 -2 3 -55 81 106 -130 153 175 196 216 234 -235 -406 0
a -1 -2 3 -55 81 106 -130 153 175 196 216 -234 -235 -406 0
a -1 -2 -3 -55 81 106 -130 153 175 196 216 -234 -235 -406 0
a -1 -2 -3 55 81 106 -130 153 175 196 216 -234 -235 -406 0
a -1 -2 3 55 81 106 -130 153 175 196 216 -234 -235 -406 0
a -1 -2 3 55 81 106 -130 153 175 196 216 -234 235 -406 0
a -1 -2 -3 55 81 106 -130 153 175 196 216 -234 235 -406 0
a -1 -2 -3 -55 81 106 -130 153 175 196 216 -234 235 -406 0
a -1 -2 3 -55 81 106 -130 153 175 196 216 -234 235 -406 0
a -1 -2 3 -55 81 106 -130 153 175 196 216 234 235 -406 0
a -1 -2 -3 -55 81 106 -130 153 175 196 216 234 235 -406 0
a -1 -2 -3 55 81 106 -130 153 175 196 216 234 235 -406 0
a -1 -2 3 55 81 106 -130 153 175 196 216 234 235 -406 0
a -1 2 3 55 81 106 -130 153 175 196 216 234 235 -406 0
a -1 2 -3 55 81 106 -130 153 175 196 216 234 235 -406 0
a -1 2 -3 -55 81 106 -130 153 175 196 216 234 235 -406 0
a -1 2 3 -55 81 106 -130 153 175 196 216 234 235 -406 0
a -1 2 3 -55 81 106 -130 153 175 196 216 -234 235 -406 0
a -1 2 -3 -55 81 106 -130 153 175 196 216 -234 235 -406 0
a -1 2 -3 55 81 106 -130 153 175 196 216 -234 235 -406 0
a -1 2 3 55 81 106 -130 153 175 196 216 -234 235 -406 0
a -1 2 3 55 81 106 -130 153 175 196 216 -234 -235 -406 0
a -1 2 -3 55 81 106 -130 153 175 196 216 -234 -235 -406 0
a -1 2 3 -55 81 106 -130 153 175 196 216 -234 -235 -406 0
a -1 2 3 -55 81 106 -130 153 175 196 216 234 -235 -406 0
a -1 2 3 55 81 106 -130 153 175 196 216 234 -235 -406 0
a -1 2 3 55 81 -106 -130 153 175 196 216 234 -235 -406 0
a -1 2 3 -55 81 -106 -130 153 175 196 216 234 -235 -406 0
a -1 2 3 -55 81 -106 -130 153 175 196 216 -234 -235 -406 0
a -1 2 3 55 81 -106 -130 153 175 196 216 -234 -235 -406 0
a -1 2 3 55 81 -106 -130 153 175 196 216 -234 235 -406 0
a -1 2 3 -55 81 -106 -130 153 175 196 216 -234 235 -406 0
a -1 2 3 -55 81 -106 -130 153 175 196 216 234 235 -406 0
a -1 2 3 -54 55 81 -106 -130 153 175 196 216 234 235 -406 0
a -1 -2 3 -54 55 81 -106 -130 153 175 196 216 234 235 -406 0
a -1 -2 3 -55 81 -106 -130 153 175 196 216 234 235 -406 0
a -1 -2 3 -55 81 -106 -130 153 175 196 216 -234 235 -406 0
a -1 -2 3 4 55 81 -106 -130 153 175 196 216 -234 235 -406 0
a -1 -2 3 4 81 -106 -130 153 175 196 216 -234 -235 -406 0
a -1 -2 3 4 81 -106 -130 153 175 196 216 234 -235 -406 0
a -1 -2 -3 4 81 -106 -130 153 175 196 216 234 -235 -406 0
a -1 -2 -3 4 81 -106 -130 153 175 196 216 -234 -235 -406 0
a -1 -2 -3 -4 81 -106 -130 153 175 196 216 -234 -235 -406 0
a -1 -2 -3 -4 81 -106 -130 153 175 196 216 234 -235 -406 0
a -1 -2 -3 -4 81 -106 -130 153 175 196 216 234 235 -406 0
a -1 -2 -3 -4 81 -106 -130 153 175 196 216 -234 235 -406 0
a -1 -2 -3 4 81 -106 -130 153 175 196 216 -234 235 -406 0
a -1 -2 -3 4 81 -106 -130 153 175 196 216 234 235 -406 0
a -1 -2 -3 4 81 -106 -130 153 175 196 -216 234 235 -406 0
a -1 -2 -3 4 81 -106 -130 153 175 196 -216 -234 235 -406 0
a -1 -2 -3 -4 81 -106 -130 153 175 196 -216 -234 235 -406 0
a -1 -2 -3 -4 81 -106 -130 153 175 196 -216 234 235 -406 0
a -1 -2 -3 -4 -5 81 -106 -130 153 175 196 -216 -235 -406 0
a -1 -2 -3 4 -5 81 -106 -130 153 175 196 -216 -235 -406 0
a -1 -2 3 4 -5 55 81 -106 -130 153 175 196 -216 -235 -406 0
a -1 -2 3 4 55 81 -106 -130 153 175 196 -216 235 -406 0
a -1 -2 3 4 55 81 -106 130 153 175 196 -216 235 -406 0
a -1 -2 3 4 -55 81 -106 130 153 175 196 -216 235 -406 0
a -1 -2 3 4 -55 81 -106 130 153 175 196 -216 -235 -406 0
a -1 -2 3 4 55 81 -106 130 153 175 196 -216 -235 -406 0
a -1 -2 -3 4 55 81 -106 130 153 175 196 -216 -235 -406 0
a -1 -2 -3 4 -55 81 -106 130 153 175 196 -216 -235 -406 0
a -1 -2 -3 4 -55 81 -106 130 153 175 196 -216 235 -406 0
a -1 -2 -3 4 55 81 -106 130 153 175 196 -216 235 -406 0
a -1 -2 -3 -4 55 81 -106 130 153 175 196 -216 235 -406 0
a -1 -2 -3 -4 -55 81 -106 130 153 175 196 -216 235 -406 0
a -1 -2 -3 -4 -55 81 -106 130 153 175 196 -216 -235 -406 0
a -1 -2 -3 -4 55 81 -106 130 153 175 196 -216 -235 -406 0
a -1 -2 -3 -4 55 81 -106 130 153 175 196 216 -235 -406 0
a -1 -2 -3 -4 -55 81 -106 130 153 175 196 216 -235 -406 0
a -1 -2 -3 -4 -55 81 -106 130 153 175 196 216 235 -406 0
a -1 -2 -3 -4 55 81 -106 130 153 175 196 216 235 -406 0
a -1 -2 -3 4 55 81 -106 130 153 175 196 216 235 -406 0
a -1 -2 -3 4 -55 81 -106 130 153 175 196 216 235 -406 0
a -1 -2 -3 4 -55 81 -106 130 153 175 196 216 -235 -406 0
a -1 -2 -3 4 55 81 -106 130 153 175 196 216 -235 -406 0
a -1 -2 3 4 55 81 -106 130 153 175 196 216 -235 -406 0
a -1 -2 3 4 -55 81 -106 130 153 175 196 216 -235 -406 0
a -1 -2 3 4 -55 81 -106 130 153 175 196 216 235 -406 0
a -1 -2 3 4 55 81 -106 130 153 175 196 216 235 -406 0
a -1 2 3 4 55 81 -106 130 153 175 196 216 235 -406 0
a -1 2 3 4 -55 81 -106 130 153 175 196 216 235 -406 0
a -1 2 3 4 5 -55 81 -106 130 153 175 196 216 -235 -406 0
a -1 2 3 4 5 55 81 -106 130 153 175 196 216 -235 -406 0
a -1 2 3 4 5 81 106 130 153 175 196 216 -235 -406 0
a -1 2 3 4 5 81 106 130 153 175 196 216 -234 235 -406 0
a -1 -2 3 4 5 81 106 130 153 175 196 216 -234 235 -406 0
a -1 -2 3 4 5 81 106 130 153 175 196 216 -235 -406 0
a -1 -2 3 4 -5 81 106 130 153 175 196 216 -235 -406 0
a -1 -2 3 4 -5 81 106 130 153 175 196 216 -234 235 -406 0
a -1 -2 -3 4 -5 81 106 130 153 175 196 216 -234 235 -406 0
a -1 -2 -3 4 -5 81 106 130 153 175 196 216 -235 -406 0
a -1 -2 -3 4 5 81 106 130 153 175 196 216 -235 -406 0
a -1 -2 -3 4 5 81 106 130 153 175 196 216 -234 235 -406 0
a -1 -2 -3 -4 5 81 106 130 153 175 196 216 -234 235 -406 0
a -1 -2 -3 -4 5 81 106 130 153 175 196 216 -235 -406 0
a -1 -2 -3 -4 -5 81 106 130 153 175 196 216 -235 -406 0
a -1 -2 -3 -4 -5 81 106 130 153 175 196 216 -234 235 -406 0
a -1 -2 -3 -4 -5 81 106 130 153 175 196 -216 -234 235 -406 0
a -1 -2 -3 -4 -5 81 106 130 153 175 196 -216 -235 -406 0
a -1 -2 -3 -4 5 81 106 130 153 175 196 -216 -235 -406 0
a -1 -2 -3 -4 5 81 106 130 153 175 196 -216 -234 235 -406 0
a -1 -2 -3 4 5 81 106 130 153 175 196 -216 -234 235 -406 0
a -1 -2 -3 4 5 81 106 130 153 175 196 -216 -235 -406 0
a -1 -2 -3 4 -5 81 106 130 153 175 196 -216 -235 -406 0
a -1 -2 -3 4 -5 81 106 130 153 175 196 -216 -234 235 -406 0
a -1 -2 3 4 -5 81 106 130 153 175 196 -216 -234 235 -406 0
a -1 -2 3 4 -5 81 106 130 153 175 196 -216 -235 -406 0
a -1 -2 3 4 5 81 106 130 153 175 196 -216 -235 -406 0
a -1 -2 3 4 5 81 106 130 153 175 196 -216 -234 235 -406 0
a -1 -2 3 4 5 6 81 106 130 -153 175 196 -216 235 -406 0
a -1 -2 3 4 5 6 81 106 130 -153 175 196 -216 -235 -406 0
a -1 -2 3 4 -5 6 81 106 130 -153 175 196 -216 -406 0
a -1 -2 -3 4 -5 6 81 106 130 -153 175 196 -216 -406 0
a -1 -2 -3 4 5 6 81 106 130 -153 175 196 -216 -406 0
a -1 -2 -3 4 5 -6 81 106 130 -153 175 196 -216 -406 0
a -1 -2 -3 4 -5 -6 81 106 130 -153 175 196 -216 -406 0
a -1 -2 -3 -4 -5 -6 81 106 130 -153 175 196 -216 -406 0
a -1 -2 -3 -4 5 -6 81 106 130 -153 175 196 -216 -406 0
a -1 -2 -3 -4 5 6 81 106 130 -153 175 196 -216 -406 0
a -1 -2 -3 -4 -5 6 81 106 130 -153 175 196 -216 -406 0
a -1 -2 -3 -4 -5 6 81 106 130 -153 175 196 216 -406 0
a -1 -2 -3 -4 5 6 81 106 130 -153 175 196 216 -406 0
a -1 -2 -3 -4 5 -6 81 106 130 -153 175 196 216 -406 0
a -1 -2 -3 -4 -5 -6 81 106 130 -153 175 196 216 -406 0
a -1 -2 -3 4 -5 6 81 106 130 -153 175 196 216 -406 0
a -1 -2 -3 4 5 6 81 106 130 -153 175 196 216 -406 0
a -1 -2 3 4 5 6 81 106 130 -153 175 196 216 -406 0
a -1 -2 3 4 -5 6 81 106 130 -153 175 196 216 -406 0
a -1 2 3 4 5 6 81 106 130 -153 175 196 216 -406 0
a -1 2 3 4 5 6 81 -106 130 -153 175 196 216 -406 0
a -1 -2 3 4 5 6 81 -106 130 -153 175 196 216 -406 0
a -1 -2 3 4 -5 6 81 -106 130 -153 175 196 216 -406 0
a -1 -2 -3 4 -5 6 81 -106 130 -153 175 196 216 -406 0
a -1 -2 -3 4 5 6 81 -106 130 -153 175 196 216 -406 0
a -1 -2 -3 -4 5 6 81 -106 130 -153 175 196 216 -406 0
a -1 -2 -3 -4 -5 6 81 -106 130 -153 175 196 216 -406 0
a -1 -2 -3 -4 -5 -6 81 -106 130 -153 175 196 216 -406 0
a -1 -2 -3 -4 5 -6 81 -106 130 -153 175 196 216 -406 0
a -1 -2 -3 -4 -5 -6 81 -106 130 -153 175 196 -216 -406 0
a -1 -2 -3 -4 -5 6 81 -106 130 -153 175 196 -216 -406 0
a -1 -2 -3 -4 5 6 81 -106 130 -153 175 196 -216 -406 0
a -1 -2 -3 4 5 6 81 -106 130 -153 175 196 -216 -406 0
a -1 -2 -3 4 -5 6 81 -106 130 -153 175 196 -216 -406 0
a -1 -2 3 4 -5 6 81 -106 130 -153 175 196 -216 -406 0
a -1 -2 3 4 5 6 81 -106 130 -153 175 196 -216 -406 0
a -1 -2 3 4 6 55 81 -106 -130 -153 175 196 -216 -406 0
a -1 -2 -3 4 6 55 81 -106 -130 -153 175 196 -216 -406 0
a -1 -2 -3 4 6 -55 81 -106 -130 -153 175 196 -216 -406 0
a -1 -2 -3 -4 6 -55 81 -106 -130 -153 175 196 -216 -406 0
a -1 -2 -3 -4 6 55 81 -106 -130 -153 175 196 -216 -406 0
a -1 -2 -3 -4 -5 -6 81 -106 -130 -153 175 196 -216 -406 0
a -1 -2 -3 -4 -5 -6 81 -106 -130 -153 175 196 216 -406 0
a -1 -2 -3 -4 -5 6 7 81 -106 -130 -153 175 196 216 -406 0
a -1 -2 -3 -4 5 6 7 81 -106 -130 -153 175 196 216 -406 0
a -1 -2 -3 4 6 7 81 -106 -130 -153 175 196 216 -406 0
a -1 -2 3 4 6 7 81 -106 -130 -153 175 196 216 -406 0
a -1 2 3 4 5 6 7 81 -106 -130 -153 175 196 216 -406 0
a -1 2 3 4 5 6 7 81 106 -130 -153 175 196 216 -406 0
a -1 -2 3 4 6 7 81 106 -130 -153 175 196 216 -406 0
a -1 -2 -3 4 6 7 81 106 -130 -153 175 196 216 -406 0
a -1 -2 -3 -4 6 7 81 106 -130 -153 175 196 216 -406 0
a -1 -2 -3 -4 -5 -6 81 106 -130 -153 175 196 216 -406 0
a -1 -2 -3 -4 -5 -6 81 106 -130 -153 175 196 -216 -406 0
a -1 -2 -3 -4 6 7 81 106 -130 -153 175 196 -216 -406 0
a -1 -2 -3 4 6 7 81 106 -130 -153 175 196 -216 -406 0
a -1 -2 3 4 6 7 55 81 106 -130 -153 175 196 -216 -406 0
a -1 -2 3 4 6 7 55 81 106 -130 -153 -175 196 -216 -406 0
a -1 -2 -3 4 5 6 7 81 106 -130 -153 -175 196 -216 -406 0
a -1 -2 -3 -4 6 7 81 106 -130 -153 -175 196 -216 -406 0
a -1 -2 -3 -4 -5 -6 81 106 -130 -153 -175 196 -216 -406 0
a -1 -2 -3 -4 -5 -6 81 106 -130 -153 -175 196 216 -406 0
a -1 -2 -3 -4 6 7 81 106 -130 -153 -175 196 216 -406 0
a -1 -2 -3 4 5 6 7 81 106 -130 -153 -175 196 216 -406 0
a -1 -2 3 4 5 6 7 81 106 -130 -153 -175 196 216 -406 0
a -1 2 3 4 5 6 7 81 106 -130 -153 -175 196 216 -406 0
a -1 2 3 4 5 6 7 81 -106 -130 -153 -175 196 216 -406 0
a -1 -2 3 4 5 6 7 81 -106 -130 -153 -175 196 216 -406 0
a -1 -2 -3 4 5 6 7 81 -106 -130 -153 -175 196 216 -406 0
a -1 -2 -3 -4 6 7 81 -106 -130 -153 -175 196 216 -406 0
a -1 -2 -3 -4 -5 -6 81 -106 -130 -153 -175 196 216 -406 0
a -1 -2 -3 -4 -5 -6 81 -106 -130 -153 -175 196 -216 -406 0
a -1 -2 -3 -4 6 7 81 -106 -130 -153 -175 196 -216 -406 0
a -1 -2 -3 4 5 6 7 81 -106 -130 -153 -175 196 -216 235 -406 0
a -1 -2 3 4 5 6 7 8 55 81 -106 -130 -153 -175 196 -216 235 -406 0
a -1 -2 3 4 5 6 7 8 81 -106 130 -153 -175 196 -216 -406 0
a -1 -2 -3 4 5 6 7 81 -106 130 -153 -175 196 -216 -406 0
a -1 -2 -3 -4 6 7 81 -106 130 -153 -175 196 -216 -406 0
a -1 -2 -3 -4 -5 -6 81 -106 130 -153 -175 196 -216 -406 0
a -1 -2 -3 -4 -5 -6 81 -106 130 -153 -175 196 216 -406 0
a -1 -2 -3 -4 6 7 81 -106 130 -153 -175 196 216 -406 0
a -1 -2 -3 4 5 6 7 81 -106 130 -153 -175 196 216 -406 0
a -1 -2 3 4 5 6 7 8 81 -106 130 -153 -175 196 216 -406 0
a -1 2 3 4 5 6 7 8 81 -106 130 -153 -175 196 216 -406 0
a -1 2 3 4 5 6 7 8 81 106 130 -153 -175 196 216 -406 0
a -1 -2 3 4 5 6 7 8 81 106 130 -153 -175 196 216 -406 0
a -1 -2 -3 4 5 6 7 81 106 130 -153 -175 196 216 -406 0
a -1 -2 -3 -4 6 7 81 106 130 -153 -175 196 216 -406 0
a -1 -2 -3 -4 -5 -6 81 106 130 -153 -175 196 216 -406 0
a -1 -2 -3 -4 -5 -6 81 106 130 -153 -175 196 -216 -406 0
a -1 -2 -3 -4 6 7 81 106 130 -153 -175 196 -216 -406 0
a -1 -2 -3 4 5 6 7 81 106 130 -153 -175 196 -216 -406 0
a -1 -2 -3 4 5 6 7 81 106 130 153 -175 196 -216 -406 0
a -1 -2 -3 -4 6 7 81 106 130 153 -175 196 -216 -406 0
a -1 -2 -3 -4 -5 -6 81 106 130 153 -175 196 -216 -406 0
a -1 -2 3 4 5 6 7 8 81 106 130 153 -175 196 -216 -406 0
a -1 -2 3 4 5 6 7 8 81 106 130 153 -175 196 216 -406 0
a -1 -2 -3 4 5 6 7 81 106 130 153 -175 196 216 -406 0
a -1 -2 -3 -4 6 7 81 106 130 153 -175 196 216 -406 0
a -1 -2 -3 -4 -5 -6 81 106 130 153 -175 196 216 -406 0
a -1 2 3 4 5 6 7 8 81 106 130 153 -175 196 216 -406 0
a -1 2 3 4 5 6 7 8 81 -106 130 153 -175 196 216 -406 0
a -1 -2 3 4 5 6 7 8 81 -106 130 153 -175 196 216 -406 0
a -1 -2 -3 4 5 6 7 81 -106 130 153 -175 196 216 -406 0
a -1 -2 -3 -4 6 7 81 -106 130 153 -175 196 216 -406 0
a -1 -2 -3 -4 -5 -6 81 -106 130 153 -175 196 216 -406 0
a -1 -2 -3 -4 -5 -6 81 -106 130 153 -175 196 -216 -406 0
a -1 -2 -3 -4 6 7 81 -106 130 153 -175 196 -216 -406 0
a -1 -2 -3 4 5 6 7 81 -106 130 153 -175 196 -216 -406 0
a -1 -2 3 4 5 6 7 8 81 -106 130 153 -175 196 -216 -406 0
a -1 -2 3 4 5 6 7 8 55 81 -106 -130 153 -175 196 -216 235 -406 0
a -1 -2 -3 4 5 6 7 81 -106 -130 153 -175 196 -216 235 -406 0
a -1 -2 -3 -4 6 7 81 -106 -130 153 -175 196 -216 -406 0
a -1 -2 -3 -4 -5 -6 81 -106 -130 153 -175 196 -216 -406 0
a -1 -2 -3 -4 -5 -6 81 -106 -130 153 -175 196 216 -406 0
a -1 -2 -3 -4 6 7 81 -106 -130 153 -175 196 216 -406 0
a -1 -2 -3 4 5 6 7 81 -106 -130 153 -175 196 216 -406 0
a -1 -2 3 4 5 6 7 8 81 -106 -130 153 -175 196 216 -406 0
a -1 2 3 4 5 6 7 8 81 -106 -130 153 -175 196 216 -406 0
a -1 -2 3 4 5 6 7 8 81 106 -130 153 -175 196 216 -406 0
a -1 -2 -3 4 5 6 7 81 106 -130 153 -175 196 216 -406 0
a -1 -2 -3 -4 6 7 81 106 -130 153 -175 196 216 -406 0
a -1 -2 -3 -4 -5 -6 81 106 -130 153 -175 196 216 -406 0
a -1 -2 -3 -4 -5 -6 81 106 -130 153 -175 196 -216 -406 0
a -1 -2 -3 -4 6 7 81 106 -130 153 -175 196 -216 -406 0
a -1 -2 -3 4 5 6 7 81 106 -130 153 -175 196 -216 -406 0
a -1 -2 3 4 5 6 7 8 55 81 106 -130 153 -175 196 -216 -406 0
a -1 -2 3 4 5 6 7 8 55 81 106 -130 153 -175 -196 -216 -406 0
a -1 -2 -3 4 5 6 7 81 106 -130 153 -175 -196 -216 -406 0
a -1 -2 -3 -4 6 7 81 106 -130 153 -175 -196 -216 -406 0
a -1 -2 -3 -4 -5 -6 81 106 -130 153 -175 -196 -216 -406 0
a -1 -2 -3 -4 -5 -6 81 106 -130 153 -175 -196 216 -406 0
a -1 -2 -3 -4 6 7 81 106 -130 153 -175 -196 216 -406 0
a -1 -2 -3 4 5 6 7 81 106 -130 153 -175 -196 216 -406 0
a -1 -2 3 4 5 6 7 8 81 106 -130 153 -175 -196 216 -406 0
a -1 -2 3 4 5 6 7 8 81 -106 -130 153 -175 -196 216 -406 0
a -1 -2 -3 4 5 6 7 81 -106 -130 153 -175 -196 216 -406 0
a -1 -2 -3 -4 6 7 81 -106 -130 153 -175 -196 216 -406 0
a -1 -2 -3 -4 -5 -6 81 -106 -130 153 -175 -196 216 -406 0
a -1 -2 -3 -4 -5 -6 81 -106 -130 153 -175 -196 -216 -406 0
a -1 -2 -3 -4 6 7 81 -106 -130 153 -175 -196 -216 -406 0
a -1 -2 -3 4 5 6 7 81 -106 -130 153 -175 -196 -216 235 -406 0
a -1 -2 3 4 5 6 7 8 55 81 -106 -130 153 -175 -196 -216 235 -406 0
a -1 -2 3 4 5 6 7 8 81 -106 130 153 -175 -196 -216 -406 0
a -1 -2 -3 4 5 6 7 81 -106 130 153 -175 -196 -216 -406 0
a -1 -2 -3 -4 6 7 81 -106 130 153 -175 -196 -216 -406 0
a -1 -2 -3 -4 -5 -6 81 -106 130 153 -175 -196 -216 -406 0
a -1 -2 -3 -4 -5 -6 81 -106 130 153 -175 -196 216 -406 0
a -1 -2 -3 -4 6 7 81 -106 130 153 -175 -196 216 -406 0
a -1 -2 -3 4 5 6 7 81 -106 130 153 -175 -196 216 -406 0
a -1 2 3 4 5 6 7 8 81 106 130 153 -175 -196 216 -406 0
a -1 -2 3 4 5 6 7 8 81 106 130 153 -175 -196 -406 0
a -1 -2 -3 4 5 6 7 81 106 130 153 -175 -196 -406 0
a -1 -2 -3 -4 5 6 7 81 106 130 153 -175 -196 -406 0
a -1 -2 -3 -4 -5 6 7 81 106 130 153 -175 -196 -406 0
a -1 -2 -3 -4 -5 -6 7 81 106 130 153 -175 -196 -406 0
a -1 -2 -3 -4 -5 -6 -7 81 106 130 153 -175 -196 -406 0
a -1 -2 -3 -4 -5 -6 -7 81 106 130 -153 -175 -196 -406 0
a -1 -2 -3 -4 -5 -6 7 81 106 130 -153 -175 -196 -406 0
a -1 -2 -3 -4 -5 6 7 81 106 130 -153 -175 -196 -406 0
a -1 -2 -3 -4 5 6 7 8 81 106 130 -153 -175 -196 -406 0
a -1 -2 -3 4 5 6 7 8 81 106 130 -153 -175 -196 -406 0
a -1 -2 -3 4 5 6 7 8 81 106 -130 -153 -175 -196 -406 0
a -1 -2 -3 -4 5 6 7 8 81 106 -130 -153 -175 -196 -406 0
a -1 -2 -3 -4 -5 6 7 81 106 -130 -153 -175 -196 -406 0
a -1 -2 -3 -4 -5 -6 7 81 106 -130 -153 -175 -196 -406 0
a -1 -2 -3 -4 -5 -6 -7 81 106 -130 -153 -175 -196 -406 0
a -1 -2 3 4 5 6 7 8 81 106 -153 -175 -196 216 -406 0
a -1 2 3 4 5 6 7 8 81 106 130 -153 -175 -196 216 -406 0
a -1 -2 -3 4 5 6 7 8 81 -106 -153 -175 -196 -406 0
a -1 -2 -3 -4 5 6 7 8 81 -106 -153 -175 -196 -406 0
a -1 -2 -3 -4 -5 6 7 8 81 -106 -153 -175 -196 -406 0
a -1 -2 -3 -4 -5 6 7 -8 81 -106 -153 -175 -196 -406 0
a -1 -2 -3 -4 -5 -6 7 -8 81 -106 -153 -175 -196 -406 0
a -1 -2 -3 -4 -5 -6 7 8 81 -106 -153 -175 -196 -406 0
a -1 -2 -3 -4 -5 -6 -7 8 81 -106 -153 -175 -196 -406 0
a -1 -2 -3 -4 -5 -6 -7 -8 81 -106 -153 -175 -196 -406 0
a -1 -2 -3 -4 -5 -6 -7 -8 81 -106 -153 175 -196 -406 0
a -1 -2 -3 -4 -5 -6 -7 8 81 -106 -153 175 -196 -406 0
a -1 -2 -3 -4 -5 -6 7 8 81 -106 -153 175 -196 -406 0
a -1 -2 -3 -4 -5 -6 7 -8 81 -106 -153 175 -196 -406 0
a -1 -2 -3 -4 -5 6 7 -8 81 -106 -153 175 -196 -406 0
a -1 -2 -3 -4 -5 6 7 8 81 -106 -153 175 -196 -406 0
a -1 -2 -3 -4 5 6 7 8 81 -106 -153 175 -196 -406 0
a -1 -2 -3 4 5 6 7 8 81 -106 -153 175 -196 -406 0
a -1 -2 3 4 5 6 7 8 81 -106 -153 175 -196 -406 0
a -1 -2 3 4 5 6 7 8 81 106 -153 175 -196 -406 0
a -1 -2 -3 4 5 6 7 8 81 106 -153 175 -196 -406 0
a -1 -2 -3 -4 5 6 7 8 81 106 -153 175 -196 -406 0
a -1 -2 -3 -4 -5 6 7 8 81 106 -153 175 -196 -406 0
a -1 -2 -3 -4 -5 6 7 -8 81 106 -153 175 -196 -406 0
a -1 -2 -3 -4 -5 -6 7 8 81 106 -153 175 -196 -406 0
a -1 -2 -3 -4 -5 -6 -7 8 81 106 -153 175 -196 -406 0
a -1 -2 -3 -4 -5 -6 -7 -8 81 106 -153 175 -196 -406 0
a -1 -2 -3 -4 -5 -6 -7 -8 81 106 153 175 -196 -406 0
a -1 -2 -3 -4 -5 -6 -7 8 81 106 153 175 -196 -406 0
a -1 -2 -3 -4 -5 -6 7 8 81 106 153 175 -196 -406 0
a -1 -2 -3 -4 -5 6 7 8 81 106 153 175 -196 -406 0
a -1 -2 -3 -4 5 6 7 8 81 106 153 175 -196 -406 0
a -1 -2 -3 4 5 6 7 8 81 106 153 175 -196 -406 0
a -1 -2 3 4 5 6 7 8 81 106 153 175 -196 -406 0
a -1 2 3 4 5 6 7 8 81 106 153 175 -196 216 -406 0
a -1 2 3 4 5 6 7 8 81 -106 153 175 -196 216 -406 0
a -1 -2 3 4 5 6 7 8 81 -106 153 175 -196 -406 0
a -1 -2 -3 4 5 6 7 8 81 -106 153 175 -196 -406 0
a -1 -2 -3 -4 5 6 7 8 81 -106 153 175 -196 -406 0
a -1 -2 -3 -4 -5 6 7 8 9 81 -106 153 175 -196 -406 0
a -1 -2 -3 -4 -5 -6 7 8 81 -106 153 175 -196 -406 0
a -1 -2 -3 -4 -5 -6 -7 8 81 -106 153 175 -196 -406 0
a -1 -2 -3 -4 -5 -6 -7 -8 81 -106 153 175 -196 -406 0
a -1 -2 -3 -4 -5 -6 -7 -8 -81 -106 153 175 -196 -406 0
a -1 -2 -3 -4 -5 -6 -7 8 -81 -106 153 175 -196 -406 0
a -1 -2 -3 -4 -5 -6 7 8 -81 -106 153 175 -196 -406 0
a -1 -2 -3 -4 6 7 8 9 -81 -106 153 175 -196 -406 0
a -1 -2 -3 4 5 6 7 8 9 -81 -106 153 175 -196 -406 0
a -1 -2 3 4 5 6 7 8 9 -81 -106 153 175 -196 -406 0
a -1 2 3 4 5 6 7 8 9 -81 -106 153 175 -196 216 -406 0
a -1 2 3 4 5 6 7 8 9 -81 106 153 175 -196 216 -406 0
a -1 -2 3 4 5 6 7 8 9 -81 106 153 175 -196 -406 0
a -1 -2 -3 4 5 6 7 8 9 -81 106 153 175 -196 -406 0
a -1 -2 -3 -4 6 7 8 9 -81 106 153 175 -196 -406 0
a -1 -2 -3 -4 -5 -6 7 8 -81 106 153 175 -196 -406 0
a -1 -2 -3 -4 -5 -6 -7 8 -81 106 153 175 -196 -406 0
a -1 -2 -3 -4 -5 -6 -7 -8 -81 106 153 175 -196 -406 0
a -1 -2 -3 -4 -5 -6 -7 -8 -81 106 -153 175 -196 -406 0
a -1 -2 -3 -4 -5 -6 -7 8 -81 106 -153 175 -196 -406 0
a -1 -2 -3 -4 -5 -6 7 8 -81 106 -153 175 -196 -406 0
a -1 -2 -3 -4 6 7 8 9 -81 106 -153 175 -196 -406 0
a -1 -2 -3 4 5 6 7 8 9 -81 106 -153 175 -196 -406 0
a -1 -2 3 4 5 6 7 8 9 -81 106 -153 175 -196 -406 0
a -1 -2 3 4 5 6 7 8 9 -81 -106 -153 175 -196 -406 0
a -1 -2 -3 4 5 6 7 8 9 -81 -106 -153 175 -196 -406 0
a -1 -2 -3 -4 6 7 8 9 -81 -106 -153 175 -196 -406 0
a -1 -2 -3 -4 -5 -6 7 8 -81 -106 -153 175 -196 -406 0
a -1 -2 -3 -4 -5 -6 -7 8 -81 -106 -153 175 -196 -406 0
a -1 -2 -3 -4 -5 -6 -7 -8 -81 -106 -153 175 -196 -406 0
a -1 -2 -3 -4 -5 -6 -7 -8 -81 -106 -153 -175 -196 -406 0
a -1 -2 -3 -4 -5 -6 -7 8 -81 -106 -153 -175 -196 -406 0
a -1 -2 -3 -4 -5 -6 7 8 -81 -106 -153 -175 -196 -406 0
a -1 -2 -3 -4 6 7 8 9 -81 -106 -153 -175 -196 -406 0
a -1 -2 -3 4 5 6 7 8 9 -81 -106 -153 -175 -196 -406 0
a -1 -2 -3 4 5 6 7 8 9 -81 106 -153 -175 -196 -406 0
a -1 -2 -3 -4 6 7 8 9 -81 106 -153 -175 -196 -406 0
a -1 -2 -3 -4 -5 -6 7 8 -81 106 -153 -175 -196 -406 0
a -1 -2 -3 -4 -5 -6 -7 8 -81 106 -153 -175 -196 -406 0
a -1 -2 -3 -4 -5 -6 -7 -8 -81 106 -153 -175 -196 -406 0
a -1 -2 3 4 5 6 7 8 9 -81 106 -153 -175 -196 216 -406 0
a -1 -2 3 4 5 6 7 8 9 -81 106 153 -175 -196 -406 0
a -1 -2 -3 4 5 6 7 8 9 -81 106 153 -175 -196 -406 0
a -1 -2 -3 -4 6 7 8 9 -81 106 153 -175 -196 -406 0
a -1 -2 -3 -4 -5 -6 7 8 -81 106 153 -175 -196 -406 0
a -1 -2 -3 -4 -5 -6 -7 8 -81 106 153 -175 -196 -406 0
a -1 -2 -3 -4 -5 -6 -7 -8 -81 106 153 -175 -196 -406 0
a -1 -2 -3 -4 -5 -6 -7 -8 -81 -106 153 -175 -196 -406 0
a -1 -2 -3 -4 -5 -6 -7 8 -81 -106 153 -175 -196 -406 0
a -1 -2 -3 -4 -5 -6 7 8 -81 -106 153 -175 -196 -406 0
a -1 -2 -3 -4 6 7 8 9 -81 -106 153 -175 -196 -406 0
a -1 -2 -3 4 5 6 7 8 9 -81 -106 153 -175 -196 -406 0
a -1 -2 -3 4 5 6 7 8 9 -81 -106 153 -175 196 -406 0
a -1 -2 -3 -4 6 7 8 9 -81 -106 153 -175 196 -406 0
a -1 -2 -3 -4 -5 -6 7 8 -81 -106 153 -175 196 -406 0
a -1 -2 -3 -4 -5 -6 -7 8 -81 -106 153 -175 196 -406 0
a -1 -2 -3 -4 -5 -6 -7 -8 -81 -106 153 -175 196 -406 0
a -1 -2 3 4 5 6 7 8 9 -81 -106 153 -175 196 -406 0
a -1 -2 3 4 5 6 7 8 9 -81 106 153 -175 196 -406 0
a -1 -2 -3 4 5 6 7 8 9 -81 106 153 -175 196 -406 0
a -1 -2 -3 -4 6 7 8 9 -81 106 153 -175 196 -406 0
a -1 -2 -3 -4 -5 -6 7 8 -81 106 153 -175 196 -406 0
a -1 -2 -3 -4 -5 -6 -7 8 -81 106 153 -175 196 -406 0
a -1 -2 -3 -4 -5 -6 -7 -8 -81 106 153 -175 196 -406 0
a -1 -2 -3 -4 -5 -6 -7 -8 -81 106 -153 -175 196 -406 0
a -1 -2 -3 -4 -5 -6 -7 8 -81 106 -153 -175 196 -406 0
a -1 -2 -3 -4 -5 -6 7 8 -81 106 -153 -175 196 -406 0
a -1 -2 -3 -4 6 7 8 9 -81 106 -153 -175 196 -406 0
a -1 -2 -3 4 5 6 7 8 9 -81 106 -153 -175 196 -406 0
a -1 -2 3 4 5 6 7 8 9 -81 106 -153 -175 196 216 -406 0
a -1 -2 3 4 5 6 7 8 9 -81 -106 -153 -175 196 216 -406 0
a -1 -2 -3 4 5 6 7 8 9 -81 -106 -153 -175 196 -406 0
a -1 -2 -3 -4 6 7 8 9 -81 -106 -153 -175 196 -406 0
a -1 -2 -3 -4 -5 -6 7 8 -81 -106 -153 -175 196 -406 0
a -1 -2 -3 -4 -5 -6 -7 8 9 -81 -106 -153 -175 196 -406 0
a -1 -2 -3 -4 -5 -6 -7 -8 -81 -106 -153 -175 196 -406 0
a -1 -2 -3 -4 -5 -6 -7 -8 -81 -106 -153 175 196 -406 0
a -1 -2 -3 -4 -5 -6 -7 8 9 -81 -106 -153 175 196 -406 0
a -1 -2 -3 -4 -5 -6 7 8 9 -81 -106 -153 175 196 -406 0
a -1 -2 -3 -4 6 7 8 9 -81 -106 -153 175 196 -406 0
a -1 -2 -3 4 5 6 7 8 9 -81 -106 -153 175 196 -406 0
a -1 -2 3 4 5 6 7 8 9 -81 -106 -153 175 196 -406 0
a -1 2 3 4 5 6 7 8 9 -81 -106 -153 175 196 216 -406 0
a -1 2 3 4 5 6 7 8 9 -81 106 -153 175 196 216 -406 0
a -1 -2 3 4 5 6 7 8 9 -81 106 -153 175 196 -406 0
a -1 -2 -3 4 5 6 7 8 9 -81 106 -153 175 196 -406 0
a -1 -2 -3 -4 6 7 8 9 -81 106 -153 175 196 -406 0
a -1 -2 -3 -4 -5 -6 7 8 9 -81 106 -153 175 196 -406 0
a -1 -2 -3 -4 -5 -6 -7 8 9 -81 106 -153 175 196 -406 0
a -1 -2 -3 -4 -5 -6 -7 -8 -81 106 -153 175 196 -406 0
a -1 -2 -3 -4 -5 -6 -7 -8 -81 106 153 175 196 -406 0
a -1 -2 -3 -4 -5 -6 -7 8 9 -81 106 153 175 196 -406 0
a -1 -2 -3 -4 -5 -6 7 8 9 -81 106 153 175 196 -406 0
a -1 -2 -3 -4 6 7 8 9 -81 106 153 175 196 -406 0
a -1 -2 -3 4 5 6 7 8 9 -81 106 153 175 196 -406 0
a -1 -2 3 4 5 6 7 8 9 -81 106 153 175 196 -406 0
a -1 2 3 4 5 6 7 8 9 -81 106 153 175 196 216 -406 0
a -1 2 3 4 5 6 7 8 9 -81 -106 153 175 196 216 -406 0
a -1 -2 3 4 5 6 7 8 9 -81 -106 153 175 196 -406 0
a -1 -2 -3 4 5 6 7 8 9 -81 -106 153 175 196 -406 0
a -1 -2 -3 -4 6 7 8 9 -81 -106 153 175 196 -406 0
a -1 -2 -3 -4 -5 -6 7 8 9 -81 -106 153 175 196 -406 0
a -1 -2 -3 -4 -5 -6 -7 8 9 -81 -106 153 175 196 -406 0
a -1 -2 -3 -4 -5 -6 -7 -8 -81 -106 153 175 196 -406 0
a -1 -2 -3 -4 -5 -6 -7 -8 -81 -106 153 175 196 406 0
a -1 -2 -3 -4 -5 -6 -7 8 9 -81 -106 153 175 196 406 0
a -1 -2 -3 -4 -5 -6 7 8 9 -81 -106 153 175 196 406 0
a -1 -2 -3 -4 6 7 8 9 -81 -106 153 175 196 406 0
a -1 -2 -3 4 5 6 7 8 9 -81 -106 153 175 196 406 0
a -1 -2 3 4 5 6 7 8 9 -81 -106 153 175 196 406 0
a -1 2 3 4 5 6 7 8 9 -81 -106 153 175 196 406 0
a -1 2 3 4 5 6 7 8 9 -81 106 153 175 196 406 0
a -1 -2 3 4 5 6 7 8 9 -81 106 153 175 196 406 0
a -1 -2 -3 4 5 6 7 8 9 -81 106 153 175 196 406 0
a -1 -2 -3 -4 6 7 8 9 -81 106 153 175 196 406 0
a -1 -2 -3 -4 -5 -6 7 8 9 -81 106 153 175 196 406 0
a -1 -2 -3 -4 -5 -6 -7 8 9 -81 106 153 175 196 406 0
a -1 -2 -3 -4 -5 -6 -7 -8 -81 106 153 175 196 406 0
a -1 -2 -3 -4 -5 -6 -7 -8 -81 106 -153 175 196 406 0
a -1 -2 -3 -4 -5 -6 -7 8 9 -81 106 -153 175 196 406 0
a -1 -2 -3 -4 -5 -6 7 8 9 -81 106 -153 175 196 406 0
a -1 -2 -3 -4 6 7 8 9 -81 106 -153 175 196 406 0
a -1 -2 -3 4 5 6 7 8 9 -81 106 -153 175 196 406 0
a -1 -2 3 4 5 6 7 8 9 -81 106 -153 175 196 406 0
a -1 -2 3 4 5 6 7 8 9 -81 -106 -153 175 196 406 0
a -1 -2 -3 4 5 6 7 8 9 -81 -106 -153 175 196 406 0
a -1 -2 -3 -4 6 7 8 9 -81 -106 -153 175 196 406 0
a -1 -2 -3 -4 -5 -6 7 8 9 -81 -106 -153 175 196 406 0
a -1 -2 -3 -4 -5 -6 -7 8 9 -81 -106 -153 175 196 406 0
a -1 -2 -3 -4 -5 -6 -7 -8 -81 -106 -153 175 196 406 0
a -1 -2 -3 -4 -5 -6 -7 -8 -81 -106 -153 -175 196 406 0
a -1 -2 -3 -4 -5 -6 -7 8 9 -81 -106 -153 -175 196 406 0
a -1 -2 -3 -4 -5 -6 7 8 9 -81 -106 -153 -175 196 406 0
a -1 -2 -3 -4 6 7 8 9 -81 -106 -153 -175 196 406 0
a -1 -2 -3 4 5 6 7 8 9 -81 -106 -153 -175 196 406 0
a -1 -2 3 4 5 6 7 8 9 -81 -106 -153 -175 196 216 406 0
a -1 -2 3 4 5 6 7 8 9 -81 106 -153 -175 196 216 406 0
a -1 -2 -3 4 5 6 7 8 9 -81 106 -153 -175 196 406 0
a -1 -2 -3 -4 6 7 8 9 -81 106 -153 -175 196 406 0
a -1 -2 -3 -4 -5 -6 7 8 9 -81 106 -153 -175 196 406 0
a -1 -2 -3 -4 -5 -6 -7 8 9 -81 106 -153 -175 196 406 0
a -1 -2 -3 -4 -5 -6 -7 -8 -81 106 -153 -175 196 406 0
a -1 -2 -3 -4 -5 -6 -7 -8 -81 106 153 -175 196 406 0
a -1 -2 -3 -4 -5 -6 -7 8 9 -81 106 153 -175 196 406 0
a -1 -2 -3 -4 -5 -6 7 8 9 -81 106 153 -175 196 406 0
a -1 -2 -3 -4 6 7 8 9 -81 106 153 -175 196 406 0
a -1 -2 -3 4 5 6 7 8 9 -81 106 153 -175 196 406 0
a -1 -2 3 4 5 6 7 8 9 -81 106 153 -175 196 406 0
a -1 -2 -3 4 5 6 7 8 9 -81 -106 153 -175 196 406 0
a -1 -2 -3 -4 6 7 8 9 -81 -106 153 -175 196 406 0
a -1 -2 -3 -4 -5 -6 7 8 9 -81 -106 153 -175 196 406 0
a -1 -2 -3 -4 -5 -6 -7 8 9 -81 -106 153 -175 196 406 0
a -1 -2 -3 -4 -5 -6 -7 -8 -81 -106 153 -175 196 406 0
a -1 -2 -3 -4 -5 -6 -7 -8 -81 -106 153 -175 -196 406 0
a -1 -2 -3 -4 -5 -6 -7 8 9 -81 -106 153 -175 -196 406 0
a -1 -2 -3 -4 -5 -6 7 8 9 -81 -106 153 -175 -196 406 0
a -1 -2 -3 -4 6 7 8 9 -81 -106 153 -175 -196 406 0
a -1 -2 -3 4 5 6 7 8 9 -81 -106 153 -175 -196 406 0
a -1 -2 -3 4 5 6 7 8 9 -81 106 153 -175 -196 406 0
a -1 -2 -3 -4 6 7 8 9 -81 106 153 -175 -196 406 0
a -1 -2 -3 -4 -5 -6 7 8 9 -81 106 153 -175 -196 406 0
a -1 -2 -3 -4 -5 -6 -7 8 9 10 -81 106 153 -175 -196 406 0
a -1 -2 -3 -4 -5 -6 -7 -8 -81 106 153 -175 -196 406 0
a -1 -2 3 4 5 6 7 8 9 10 -81 106 153 -175 -196 406 0
a -1 -2 3 4 5 6 7 8 9 10 -81 106 -153 -175 -196 216 406 0
a -1 -2 -3 4 5 6 7 8 9 10 -81 106 -153 -175 -196 406 0
a -1 -2 -3 -4 6 7 8 9 10 -81 106 -153 -175 -196 406 0
a -1 -2 -3 -4 -5 -6 7 8 9 10 -81 106 -153 -175 -196 406 0
a -1 -2 -3 -4 -5 -6 -7 8 9 10 -81 106 -153 -175 -196 406 0
a -1 -2 -3 -4 -5 -6 -7 -8 -81 106 -153 -175 -196 406 0
a -1 -2 -3 -4 -5 -6 -7 -8 -81 -106 -153 -175 -196 406 0
a -1 -2 -3 -4 -5 -6 -7 8 9 10 -81 -106 -153 -175 -196 406 0
a -1 -2 -3 -4 -5 -6 7 8 9 10 -81 -106 -153 -175 -196 406 0
a -1 -2 -3 -4 6 7 8 9 10 -81 -106 -153 -175 -196 406 0
a -1 -2 -3 4 5 6 7 8 9 10 -81 -106 -153 -175 -196 406 0
a -1 -2 -3 4 5 6 7 8 9 10 -81 -106 -153 175 -196 406 0
a -1 -2 -3 -4 6 7 8 9 10 -81 -106 -153 175 -196 406 0
a -1 -2 -3 -4 -5 -6 7 8 9 10 -81 -106 -153 175 -196 406 0
a -1 -2 -3 -4 -5 -6 -7 8 9 10 -81 -106 -153 175 -196 406 0
a -1 -2 -3 -4 -5 -6 -7 -8 -81 -106 -153 175 -196 406 0
a -1 -2 3 4 5 6 7 8 9 10 -81 -106 -153 175 -196 406 0
a -1 -2 3 4 5 6 7 8 9 10 -81 106 -153 175 -196 406 0
a -1 -2 -3 4 5 6 7 8 9 10 -81 106 -153 175 -196 406 0
a -1 -2 -3 -4 6 7 8 9 10 -81 106 -153 175 -196 406 0
a -1 -2 -3 -4 -5 -6 7 8 9 10 -81 106 -153 175 -196 406 0
a -1 -2 -3 -4 -5 -6 -7 8 9 10 -81 106 -153 175 -196 406 0
a -1 -2 -3 -4 -5 -6 -7 -8 -81 106 -153 175 -196 406 0
a -1 -2 -3 -4 -5 -6 -7 -8 -81 106 153 175 -196 406 0
a -1 -2 -3 -4 -5 -6 -7 8 9 10 -81 106 153 175 -196 406 0
a -1 -2 -3 -4 -5 -6 7 8 9 10 -81 106 153 175 -196 406 0
a -1 -2 -3 -4 6 7 8 9 10 -81 106 153 175 -196 406 0
a -1 -2 -3 4 5 6 7 8 9 10 11 -81 106 153 175 -196 406 0
a -1 -2 3 4 5 6 7 8 9 10 11 -81 106 153 175 -196 406 0
a -1 2 3 4 5 6 7 8 9 10 11 -81 106 153 175 -196 406 0
a -1 2 3 4 5 6 7 8 9 10 11 -81 -106 153 175 -196 406 0
a -1 -2 3 4 5 6 7 8 9 10 11 -81 -106 153 175 -196 406 0
a -1 -2 -3 4 5 6 7 8 9 10 11 -81 -106 153 175 -196 406 0
a -1 -2 -3 -4 6 7 8 9 10 -81 -106 153 175 -196 406 0
a -1 -2 -3 -4 -5 -6 7 8 9 10 -81 -106 153 175 -196 406 0
a -1 -2 -3 -4 -5 -6 -7 8 9 10 -81 -106 153 175 -196 406 0
a -1 -2 -3 -4 -5 -6 -7 -8 -81 -106 153 175 -196 406 0
a -1 -2 -3 -4 -5 -6 -7 -8 81 -106 153 175 -196 406 0
a -1 -2 -3 -4 -5 -6 -7 8 9 10 81 -106 153 175 -196 406 0
a -1 -2 -3 -4 -5 -6 7 8 9 10 11 81 -106 153 175 -196 406 0
a -1 -2 -3 -4 6 7 8 9 10 11 81 -106 153 175 -196 406 0
a -1 -2 -3 4 5 6 7 8 9 10 11 81 -106 153 175 -196 406 0
a 1 -2 -3 4 5 6 7 8 9 10 11 81 105 -106 153 175 -196 406 0
a 1 -2 -3 -4 6 7 8 9 10 11 81 105 -106 153 175 -196 406 0
a 1 -2 -3 -4 -5 -6 7 8 9 10 11 81 105 -106 153 175 -196 406 0
a 1 -2 -3 -4 -5 -6 -7 81 105 -106 153 175 -196 406 0
a -2 3 4 5 6 7 8 9 10 11 81 -106 153 175 -196 406 0
a 2 3 4 5 6 7 8 9 10 11 81 -106 153 175 -196 406 0
a 2 3 4 5 6 7 8 9 10 11 81 106 153 175 -196 406 0
a -2 3 4 5 6 7 8 9 10 11 81 106 153 175 -196 406 0
a -2 -3 4 5 6 7 8 9 10 11 81 106 153 175 -196 406 0
a -2 -3 -4 6 7 8 9 10 11 81 106 153 175 -196 406 0
a -2 -3 -4 -5 -6 7 8 9 10 11 81 106 153 175 -196 406 0
a -2 -3 -4 -5 -6 -7 8 9 10 81 106 153 175 -196 406 0
a -2 -3 -4 -5 -6 -7 -8 9 81 106 153 175 -196 406 0
a -2 -3 -4 -5 -6 -7 -8 -9 81 106 153 175 -196 406 0
a -1 -2 -3 -4 -5 -6 -7 -8 81 106 -153 175 -196 406 0
a -1 -2 -3 -4 -5 -6 -7 8 9 10 81 106 -153 175 -196 406 0
a -1 -2 -3 -4 -5 -6 7 8 9 10 11 81 106 -153 175 -196 406 0
a -1 -2 -3 -4 6 7 8 9 10 11 81 106 -153 175 -196 406 0
a -1 -2 -3 4 5 6 7 8 9 10 11 81 106 -153 175 -196 406 0
a -1 -2 3 4 5 6 7 8 9 10 11 81 106 -153 175 -196 406 0
a -1 -2 3 4 5 6 7 8 9 10 11 81 -106 -153 175 -196 406 0
a -1 -2 -3 4 5 6 7 8 9 10 11 81 -106 -153 175 -196 406 0
a -1 -2 -3 -4 6 7 8 9 10 11 81 -106 -153 175 -196 406 0
a -1 -2 -3 -4 -5 -6 7 8 9 10 11 81 -106 -153 175 -196 406 0
a -1 -2 -3 -4 -5 -6 -7 8 9 10 81 -106 -153 175 -196 406 0
a -1 -2 -3 -4 -5 -6 -7 -8 81 -106 -153 175 -196 406 0
a -1 -2 -3 -4 -5 -6 -7 -8 81 -106 -153 -175 -196 406 0
a -1 -2 -3 -4 -5 -6 -7 8 9 10 81 -106 -153 -175 -196 406 0
a -1 -2 -3 -4 -5 -6 7 8 9 10 11 12 81 -106 -153 -175 -196 406 0
a -1 -2 -3 -4 6 7 8 9 10 11 12 81 -106 -153 -175 -196 406 0
a -1 -2 -3 4 5 6 7 8 9 10 11 12 81 -106 -153 -175 -196 406 0
a -1 -2 -3 4 5 6 7 8 9 10 11 12 81 106 -153 -175 -196 406 0
a -1 -2 -3 -4 6 7 8 9 10 11 12 81 106 -153 -175 -196 406 0
a -1 -2 -3 -4 -5 -6 7 8 9 10 11 12 81 106 -153 -175 -196 406 0
a -1 -2 -3 -4 -5 -6 -7 8 9 10 81 106 -153 -175 -196 406 0
a -1 -2 -3 -4 -5 -6 -7 -8 81 106 -153 -175 -196 406 0
a -1 -2 3 4 5 6 7 8 9 10 11 12 81 106 -153 -175 -196 216 406 0
a -1 -2 3 4 5 6 7 8 9 10 11 12 81 106 153 -175 -196 406 0
a -1 -2 -3 4 5 6 7 8 9 10 11 12 81 106 153 -175 -196 406 0
a -1 -2 -3 -4 6 7 8 9 10 11 12 81 106 153 -175 -196 406 0
a -1 -2 -3 -4 -5 -6 7 8 9 10 11 12 81 106 153 -175 -196 406 0
a -1 -2 -3 -4 -5 -6 -7 8 9 10 81 106 153 -175 -196 406 0
a -1 -2 -3 -4 -5 -6 -7 -8 81 106 153 -175 -196 406 0
a -1 2 3 4 5 6 7 8 9 10 11 12 81 106 130 153 -175 -196 406 0
a -1 -2 -3 4 5 6 7 8 9 10 11 12 13 81 -106 153 -175 -196 406 0
a -1 -2 -3 -4 6 7 8 9 10 11 12 81 -106 153 -175 -196 406 0
a -1 -2 -3 -4 -5 -6 7 8 9 10 11 12 81 -106 153 -175 -196 406 0
a -1 -2 -3 -4 -5 -6 -7 8 9 10 81 -106 153 -175 -196 406 0
a -1 -2 -3 -4 -5 -6 -7 -8 81 -106 153 -175 -196 406 0
a -1 -2 -3 -4 -5 -6 -7 -8 81 -106 153 -175 196 406 0
a -1 -2 -3 -4 -5 -6 -7 8 9 10 81 -106 153 -175 196 406 0
a -1 -2 -3 -4 -5 -6 7 8 9 10 11 12 81 -106 153 -175 196 406 0
a -1 -2 -3 -4 6 7 8 9 10 11 12 81 -106 153 -175 196 406 0
a -1 -2 -3 4 5 6 7 8 9 10 11 12 13 81 -106 153 -175 196 406 0
a -1 -2 3 4 5 6 7 8 9 10 11 12 13 81 -106 153 -175 196 406 0
a -1 2 3 4 5 6 7 8 9 10 11 12 13 81 -106 130 153 -175 196 406 0
a -1 2 3 4 5 6 7 8 9 10 11 12 13 81 106 130 153 -175 196 406 0
a -1 -2 3 4 5 6 7 8 9 10 11 12 13 81 106 153 -175 196 406 0
a -1 -2 -3 4 5 6 7 8 9 10 11 12 13 14 81 106 153 -175 196 406 0
a -1 -2 -3 -4 6 7 8 9 10 11 12 81 106 153 -175 196 406 0
a -1 -2 -3 -4 -5 -6 7 8 9 10 11 12 81 106 153 -175 196 406 0
a -1 -2 -3 -4 -5 -6 -7 8 9 10 81 106 153 -175 196 406 0
a -1 -2 -3 -4 -5 -6 -7 -8 81 106 153 -175 196 406 0
a -1 -2 -3 -4 -5 -6 -7 -8 81 106 -153 -175 196 406 0
a -1 -2 -3 -4 -5 -6 -7 8 9 10 81 106 -153 -175 196 406 0
a -1 -2 -3 -4 -5 -6 7 8 9 10 11 12 81 106 -153 -175 196 406 0
a -1 -2 -3 -4 6 7 8 9 10 11 12 81 106 -153 -175 196 406 0
a -1 -2 -3 4 5 6 7 8 9 10 11 12 13 14 81 106 -153 -175 196 406 0
a -1 -2 3 4 5 6 7 8 9 10 11 12 13 14 81 106 -153 -175 196 216 406 0
a -1 2 3 4 5 6 7 8 9 10 11 12 13 14 81 106 130 -153 -175 196 216 406 0
a -1 2 3 4 5 6 7 8 9 10 11 12 13 14 81 -106 130 -153 -175 196 216 406 0
a -1 -2 3 4 5 6 7 8 9 10 11 12 13 14 81 -106 -153 -175 196 216 406 0
a -1 -2 -3 4 5 6 7 8 9 10 11 12 13 14 81 -106 -153 -175 196 406 0
a -1 -2 -3 -4 6 7 8 9 10 11 12 13 81 -106 -153 -175 196 406 0
a -1 -2 -3 -4 -5 -6 7 8 9 10 11 12 81 -106 -153 -175 196 406 0
a -1 -2 -3 -4 -5 -6 -7 8 9 10 81 -106 -153 -175 196 406 0
a -1 -2 -3 -4 -5 -6 -7 -8 81 -106 -153 -175 196 406 0
a -1 -2 -3 -4 -5 -6 -7 -8 81 -106 -153 175 196 406 0
a -1 -2 -3 -4 -5 -6 -7 8 9 10 81 -106 -153 175 196 406 0
a -1 -2 -3 -4 -5 -6 7 8 9 10 11 12 81 -106 -153 175 196 406 0
a -1 -2 -3 -4 6 7 8 9 10 11 12 13 81 -106 -153 175 196 406 0
a -1 -2 -3 4 5 6 7 8 9 10 11 12 13 14 81 -106 -153 175 196 406 0
a -1 -2 3 4 5 6 7 8 9 10 11 12 13 14 81 -106 -153 175 196 406 0
a 2 3 4 5 6 7 8 9 10 11 12 13 14 81 -106 -153 175 196 406 0
a 2 3 4 5 6 7 8 9 10 11 12 13 14 81 106 -153 175 196 406 0
a -1 -2 3 4 5 6 7 8 9 10 11 12 13 14 81 106 -153 175 196 406 0
a -1 -2 -3 4 5 6 7 8 9 10 11 12 13 14 81 106 -153 175 196 406 0
a -1 -2 -3 -4 6 7 8 9 10 11 12 13 81 106 -153 175 196 406 0
a -1 -2 -3 -4 -5 -6 7 8 9 10 11 12 81 106 -153 175 196 406 0
a -1 -2 -3 -4 -5 -6 -7 8 9 10 81 106 -153 175 196 406 0
a -1 -2 -3 -4 -5 -6 -7 -8 81 106 -153 175 196 406 0
a -1 -2 -3 -4 -5 -6 -7 -8 81 106 153 175 196 406 0
a -1 -2 -3 -4 -5 -6 -7 8 9 10 81 106 153 175 196 406 0
a -1 -2 -3 -4 -5 -6 7 8 9 10 11 12 81 106 153 175 196 406 0
a -1 -2 -3 -4 6 7 8 9 10 11 12 13 81 106 153 175 196 406 0
a -1 -2 -3 4 5 6 7 8 9 10 11 12 13 14 81 106 153 175 196 406 0
a -1 -2 3 4 5 6 7 8 9 10 11 12 13 14 81 106 153 175 196 406 0
a 2 3 4 5 6 7 8 9 10 11 12 13 14 81 106 153 175 196 406 0
a 2 3 4 5 6 7 8 9 10 11 12 13 14 81 -106 153 175 196 406 0
a -1 -2 3 4 5 6 7 8 9 10 11 12 13 14 81 -106 153 175 196 406 0
a -1 -2 -3 4 5 6 7 8 9 10 11 12 13 14 81 -106 153 175 196 406 0
a -1 -2 -3 -4 6 7 8 9 10 11 12 13 81 -106 153 175 196 406 0
a -1 -2 -3 -4 -5 -6 7 8 9 10 11 12 81 -106 153 175 196 406 0
a -1 -2 -3 -4 -5 -6 -7 8 9 10 11 81 -106 153 175 196 406 0
a -1 -2 -3 -4 -5 -6 -7 -8 81 -106 153 175 196 406 0
